0.155 0.774
0.388 0.102
0.962 0.856
0.223 0.282
0.575 0.434
0.374 0.284
0.278 0.636
0.534 0.478
0.859 0.791
0.462 0.452
0.350 0.535
0.270 0.254
0.785 0.752
0.585 0.058
0.880 0.126
0.264 0.433
0.858 0.692
0.658 0.778
0.254 0.193
0.477 0.295
0.664 0.711
0.370 0.680
0.246 0.591
0.744 0.767
0.578 0.322
0.695 0.894
0.184 0.255
0.264 0.394
0.157 0.127
0.713 0.684
0.317 0.581
0.677 0.581
0.778 0.892
0.589 0.260
0.859 0.900
0.737 0.504
0.380 0.323
0.878 0.480
0.802 0.828
0.550 0.306
0.328 0.328
0.210 0.725
0.756 0.699
0.979 0.916
0.573 0.725
0.324 0.579
0.620 0.354
0.581 0.842
0.749 0.884
0.748 0.415
0.273 0.482
0.751 0.841
0.697 0.602
0.730 0.271
0.779 0.841
0.793 0.309
0.295 0.751
0.829 0.165
0.767 0.952
0.824 0.674
0.252 0.921
0.823 0.232
0.933 0.897
0.684 0.357
0.968 0.322
0.960 0.107
0.688 0.609
0.915 0.485
0.357 0.940
0.231 0.499
0.373 0.634
0.398 0.483
0.637 0.258
0.259 0.993
0.514 0.478
0.182 0.867
0.155 0.648
0.573 0.888
0.424 0.205
0.844 0.702
0.404 0.252
0.750 0.651
0.801 0.546
0.719 0.817
0.451 0.060
0.523 0.080
0.312 0.371
0.309 0.346
0.857 0.345
0.370 0.949
0.605 0.366
0.668 0.090
0.750 0.450
0.237 0.120
0.113 0.612
0.522 0.772
0.586 0.847
0.694 0.163
0.288 0.812
0.554 0.732
0.613 0.455
0.953 0.767
0.684 0.077
0.682 0.648
0.862 0.983
0.496 0.735
0.486 0.702
0.143 0.321
0.710 0.237
0.970 0.835
0.584 0.792
0.807 0.303
0.658 0.902
0.596 0.470
0.493 0.642
0.707 0.355
0.803 0.177
0.214 0.183
0.113 0.107
0.361 0.291
0.423 0.490
0.285 0.102
0.061 0.636
0.614 0.433
0.178 0.903
0.703 0.679
0.393 0.164
0.403 0.915
0.494 0.896
0.899 0.945
0.391 0.294
0.598 0.888
0.457 0.877
0.265 0.829
0.977 0.493
0.307 0.695
0.803 0.141
0.220 0.291
0.576 0.399
0.772 0.177
0.195 0.194
0.850 0.575
0.869 0.476
0.309 0.904
0.801 0.659
0.489 0.584
0.461 0.183
0.276 0.854
0.345 0.111
0.711 0.907
0.469 0.324
0.665 0.118
0.900 0.120
0.231 0.756
0.194 0.637
0.498 0.179
0.504 0.649
0.186 0.712
0.909 0.827
0.024 0.951
0.778 0.791
0.854 0.118
0.261 0.578
0.543 0.023
0.794 0.897
0.303 0.804
0.616 0.149
0.449 0.883
0.290 0.261
0.796 0.711
0.631 0.557
0.370 0.235
0.134 0.541
0.773 0.766
0.139 0.881
0.328 0.274
0.655 0.369
0.481 0.848
0.337 0.363
0.337 0.703
0.848 0.430
0.719 0.418
0.761 0.206
0.324 0.093
0.924 0.105
0.903 0.332
0.872 0.567
0.706 0.636
0.531 0.519
0.165 0.063
0.926 0.168
0.112 0.849
0.740 0.204
0.749 0.730
0.402 0.584
0.075 0.197
0.924 0.614
0.037 0.299
0.814 0.184
0.729 0.285
0.432 0.473
0.880 0.417
0.653 0.581
0.522 0.048
0.862 0.457
0.057 0.278
0.940 0.048
0.631 0.219
0.680 0.382
0.303 0.340
0.715 0.806
0.056 0.347
0.804 0.515
0.737 0.539
0.909 0.251
0.766 0.914
0.936 0.481
0.288 0.845
0.600 0.738
0.599 0.861
0.642 0.844
0.406 0.319
0.236 0.649
0.570 0.337
0.290 0.891
0.763 0.584
0.820 0.086
0.524 0.230
0.164 0.758
0.817 0.530
0.075 0.054
0.417 0.267
0.979 0.077
0.030 0.891
0.520 0.608
0.154 0.246
0.211 0.950
0.611 0.861
0.098 0.582
0.764 0.862
0.632 0.108
0.416 0.305
0.770 0.728
0.268 0.230
0.669 0.729
0.716 0.056
0.291 0.224
0.780 0.329
0.739 0.714
0.337 0.175
0.749 0.413
0.577 0.687
0.277 0.385
0.917 0.492
0.168 0.753
0.435 0.693
0.580 0.346
0.623 0.824
0.821 0.147
0.722 0.315
0.164 0.450
0.843 0.056
0.387 0.748
0.576 0.802
0.578 0.700
0.208 0.051
0.085 0.961
0.086 0.153
0.831 0.547
0.744 0.322
0.489 0.329
0.723 0.208
0.343 0.612
0.255 0.265
0.616 0.343
0.748 0.874
0.889 0.628
0.783 0.767
0.350 0.636
0.787 0.603
0.514 0.958
0.385 0.049
0.783 0.229
0.869 0.100
0.704 0.599
0.654 0.636
0.387 0.613
0.275 0.868
0.329 0.238
0.606 0.541
0.506 0.346
0.748 0.239
0.157 0.872
0.565 0.514
0.580 0.329
0.449 0.300
0.231 0.870
0.968 0.736
0.264 0.297
0.784 0.719
0.242 0.822
0.164 0.200
0.863 0.517
0.872 0.578
0.257 0.103
0.677 0.582
0.375 0.261
0.158 0.707
0.297 0.971
0.421 0.567
0.426 0.160
0.948 0.132
0.251 0.843
0.271 0.838
0.906 0.172
0.867 0.501
0.663 0.068
0.291 0.603
0.938 0.268
0.905 0.029
0.905 0.482
0.859 0.251
0.644 0.506
0.515 0.515
0.596 0.620
0.047 0.120
0.573 0.314
0.034 0.474
0.766 0.802
0.274 0.384
0.922 0.467
0.584 0.345
0.278 0.786
0.490 0.387
0.489 0.147
0.092 0.679
0.283 0.364
0.928 0.316
0.663 0.704
0.334 0.824
0.835 0.437
0.642 0.699
0.784 0.388
0.679 0.751
0.667 0.931
0.887 0.766
0.153 0.728
0.205 0.275
0.615 0.628
0.046 0.113
0.523 0.708
0.856 0.560
0.316 0.007
0.057 0.801
0.306 0.517
0.847 0.378
0.755 0.667
0.920 0.811
0.126 0.153
0.131 0.722
0.236 0.662
0.830 0.222
0.954 0.419
0.500 0.727
0.727 0.075
0.251 0.729
0.522 0.782
0.176 0.128
0.790 0.286
0.839 0.315
0.955 0.727
0.555 0.817
0.663 0.774
0.237 0.470
0.819 0.768
0.848 0.548
0.272 0.269
0.118 0.512
0.922 0.689
0.778 0.464
0.305 0.611
0.346 0.334
0.525 0.616
0.352 0.637
0.647 0.355
0.385 0.610
0.097 0.526
0.195 0.381
0.560 0.694
0.972 0.259
0.675 0.286
0.311 0.239
0.351 0.703
0.059 0.287
0.319 0.209
0.197 0.798
0.692 0.624
0.236 0.328
0.855 0.692
0.965 0.837
0.677 0.443
0.869 0.882
0.343 0.296
0.876 0.345
0.814 0.824
0.870 0.911
0.509 0.224
0.908 0.108
0.298 0.892
0.372 0.602
0.347 0.357
0.935 0.640
0.249 0.334
0.673 0.340
0.614 0.267
0.493 0.577
0.975 0.168
0.362 0.784
0.303 0.061
0.756 0.831
0.760 0.762
0.979 0.534
0.321 0.513
0.503 0.946
0.587 0.325
0.304 0.862
0.652 0.471
0.426 0.196
0.506 0.538
0.591 0.197
0.308 0.976
0.113 0.014
0.720 0.269
0.172 0.635
0.181 0.643
0.419 0.808
0.848 0.272
0.678 0.929
0.540 0.158
0.406 0.150
0.124 0.434
0.068 0.308
0.882 0.821
0.782 0.241
0.343 0.139
0.690 0.421
0.572 0.065
0.625 0.288
0.621 0.541
0.594 0.232
0.233 0.109
0.722 0.542
0.245 0.450
0.865 0.850
0.524 0.342
0.929 0.338
0.183 0.708
0.419 0.612
0.753 0.848
0.766 0.271
0.966 0.343
0.918 0.469
0.368 0.185
0.436 0.366
0.614 0.032
0.774 0.336
0.184 0.228
0.993 0.581
0.125 0.900
0.278 0.591
0.398 0.243
0.182 0.860
0.856 0.200
0.802 0.788
0.333 0.697
0.162 0.867
0.638 0.014
0.461 0.946
0.193 0.091
0.388 0.109
0.519 0.256
0.720 0.359
0.833 0.474
0.844 0.748
0.679 0.180
0.038 0.342
0.141 0.044
0.712 0.834
0.240 0.935
0.159 0.367
0.647 0.516
0.336 0.156
0.150 0.621
0.084 0.924
0.804 0.504
0.442 0.329
0.749 0.154
0.871 0.432
0.612 0.378
0.467 0.915
0.542 0.657
0.563 0.590
0.292 0.232
0.290 0.694
0.679 0.808
0.053 0.868
0.133 0.377
0.698 0.165
0.218 0.889
0.246 0.656
0.386 0.384
0.696 0.961
0.562 0.170
0.549 0.826
0.650 0.138
0.570 0.635
0.064 0.790
0.141 0.719
0.318 0.275
0.625 0.823
0.296 0.123
0.355 0.593
0.889 0.315
0.721 0.500
0.285 0.650
0.208 0.774
0.784 0.257
0.251 0.434
0.787 0.553
0.161 0.528
0.682 0.644
0.499 0.216
0.892 0.290
0.294 0.841
0.658 0.885
0.268 0.107
0.753 0.731
0.882 0.919
0.421 0.611
0.296 0.247
0.415 0.808
0.327 0.067
0.302 0.493
0.737 0.318
0.536 0.348
0.295 0.184
0.413 0.748
0.211 0.963
0.718 0.709
0.544 0.652
0.389 0.430
0.269 0.785
0.438 0.153
0.827 0.409
0.156 0.459
0.919 0.080
0.425 0.941
0.337 0.579
0.598 0.832
0.487 0.257
0.596 0.410
0.988 0.197
0.824 0.887
0.551 0.770
0.564 0.271
0.344 0.633
0.105 0.777
0.272 0.655
0.277 0.929
0.211 0.418
0.949 0.434
0.835 0.541
0.767 0.289
0.826 0.968
0.787 0.710
0.429 0.732
0.643 0.726
0.470 0.704
0.771 0.882
0.685 0.511
0.557 0.482
0.320 0.870
0.266 0.098
0.758 0.335
0.324 0.190
0.948 0.256
0.817 0.813
0.645 0.268
0.512 0.210
0.924 0.185
0.920 0.498
0.397 0.570
0.242 0.593
0.540 0.213
0.700 0.359
0.248 0.550
0.384 0.706
0.529 0.907
0.499 0.211
0.073 0.680
0.515 0.732
0.854 0.124
0.437 0.153
0.881 0.716
0.536 0.710
0.704 0.473
0.215 0.437
0.087 0.755
0.297 0.221
0.558 0.231
0.486 0.144
0.607 0.907
0.584 0.664
0.856 0.130
0.225 0.770
0.733 0.569
0.229 0.738
0.470 0.781
0.947 0.100
0.798 0.254
0.120 0.953
0.851 0.652
0.646 0.925
0.764 0.882
0.366 0.483
0.869 0.921
0.619 0.015
0.904 0.876
0.727 0.410
0.562 0.136
0.169 0.262
0.509 0.439
0.763 0.743
0.830 0.373
0.304 0.368
0.831 0.088
0.744 0.320
0.585 0.667
0.897 0.156
0.103 0.406
0.119 0.164
0.541 0.754
0.372 0.735
0.868 0.332
0.046 0.907
0.210 0.244
0.361 0.773
0.083 0.331
0.646 0.454
0.308 0.416
0.657 0.853
0.513 0.421
0.371 0.771
0.190 0.473
0.510 0.306
0.301 0.243
0.787 0.707
0.888 0.460
0.187 0.256
0.682 0.229
0.725 0.490
0.285 0.448
0.520 0.080
0.692 0.273
0.800 0.497
0.649 0.128
0.267 0.561
0.454 0.547
0.109 0.051
0.922 0.777
0.719 0.616
0.661 0.504
0.545 0.788
0.404 0.915
0.517 0.344
0.193 0.241
0.123 0.744
0.504 0.553
0.387 0.964
0.086 0.705
0.354 0.670
0.700 0.581
0.624 0.153
0.754 0.413
0.854 0.323
0.225 0.198
0.283 0.130
0.719 0.180
0.692 0.659
0.369 0.618
0.612 0.851
0.728 0.519
0.854 0.561
0.780 0.831
0.665 0.740
0.719 0.842
0.181 0.765
0.361 0.364
0.444 0.706
0.595 0.382
0.304 0.126
0.759 0.650
0.130 0.704
0.571 0.723
0.791 0.650
0.963 0.365
0.430 0.813
0.191 0.799
0.657 0.306
0.399 0.146
0.532 0.653
0.751 0.495
0.578 0.402
0.145 0.887
0.693 0.569
0.368 0.330
0.935 0.540
0.084 0.731
0.794 0.691
0.184 0.777
0.640 0.648
0.570 0.872
0.100 0.213
0.200 0.594
0.323 0.974
0.917 0.407
0.977 0.863
0.284 0.854
0.702 0.797
0.393 0.156
0.594 0.793
0.454 0.931
0.626 0.355
0.625 0.660
0.618 0.770
0.573 0.599
0.130 0.746
0.365 0.942
0.877 0.698
0.196 0.941
0.102 0.598
0.069 0.500
0.168 0.464
0.850 0.854
0.343 0.490
0.658 0.741
0.053 0.215
0.373 0.324
0.665 0.195
0.465 0.270
0.887 0.798
0.663 0.515
0.764 0.687
0.239 0.502
0.207 0.343
0.294 0.449
0.639 0.433
0.621 0.716
0.792 0.806
0.784 0.209
0.136 0.255
0.095 0.963
0.667 0.790
0.106 0.911
0.306 0.721
0.802 0.213
0.362 0.748
0.201 0.677
0.232 0.269
0.453 0.438
0.004 0.223
0.208 0.308
0.290 0.684
0.068 0.712
0.304 0.720
0.859 0.596
0.923 0.312
0.906 0.887
0.028 0.507
0.778 0.151
0.479 0.054
0.475 0.715
0.079 0.651
0.282 0.769
0.344 0.085
0.346 0.894
0.331 0.304
0.827 0.069
0.284 0.254
0.564 0.281
0.498 0.841
0.346 0.540
0.991 0.820
0.954 0.145
0.071 0.608
0.041 0.435
0.133 0.704
0.518 0.211
0.115 0.062
0.078 0.872
0.631 0.695
0.298 0.339
0.304 0.821
0.676 0.703
0.466 0.255
0.104 0.710
0.654 0.219
0.163 0.137
0.448 0.245
0.342 0.792
0.885 0.486
0.481 0.873
0.953 0.387
0.190 0.348
0.147 0.610
0.073 0.601
0.578 0.637
0.341 0.240
0.677 0.255
0.693 0.733
0.662 0.683
0.464 0.210
0.260 0.522
0.774 0.820
0.500 0.853
0.264 0.257
0.933 0.759
0.304 0.178
0.657 0.699
0.810 0.473
0.095 0.845
0.602 0.283
0.178 0.612
0.848 0.806
0.219 0.546
0.837 0.653
0.326 0.562
0.249 0.628
0.576 0.707
0.717 0.242
0.450 0.413
0.804 0.129
0.179 0.098
0.139 0.599
0.451 0.645
0.847 0.849
0.608 0.365
0.410 0.178
0.410 0.549
0.338 0.245
0.306 0.286
0.615 0.143
0.047 0.411
0.220 0.702
0.825 0.428
0.159 0.692
0.213 0.878
0.228 0.330
0.789 0.052
0.100 0.344
0.395 0.782
0.392 0.220
0.071 0.819
0.325 0.164
0.848 0.401
0.840 0.181
0.500 0.263
0.089 0.806
0.176 0.885
0.291 0.762
0.614 0.632
0.100 0.801
0.164 0.246
0.547 0.317
0.208 0.615
0.350 0.756
0.355 0.615
0.541 0.503
0.508 0.100
0.282 0.087
0.723 0.244
0.701 0.246
0.081 0.080
0.225 0.575
0.317 0.014
0.821 0.645
0.674 0.872
0.399 0.114
0.643 0.497
0.325 0.427
0.921 0.884
0.809 0.185
0.053 0.543
0.813 0.680
0.733 0.620
0.552 0.120
0.302 0.491
0.741 0.884
0.738 0.757
0.781 0.398
0.086 0.555
0.802 0.762
0.752 0.133
0.910 0.235
0.748 0.221
0.104 0.434
0.699 0.193
0.421 0.443
0.690 0.188
0.616 0.829
0.614 0.236
0.723 0.957
0.861 0.344
0.955 0.178
0.116 0.061
0.595 0.933
0.736 0.216
0.110 0.589
0.242 0.739
0.349 0.813
0.763 0.624
0.729 0.719
0.523 0.518
0.812 0.099
0.509 0.087
0.707 0.458
0.255 0.054
0.158 0.725
0.139 0.185
0.718 0.385
0.799 0.380
0.186 0.208
0.813 0.460
0.792 0.147
0.060 0.359
0.599 0.900
0.681 0.016
0.862 0.666
0.520 0.178
0.241 0.425
0.769 0.774
0.598 0.707
0.686 0.682
0.846 0.101
0.398 0.857
0.205 0.835
0.574 0.370
0.240 0.332
0.691 0.179
0.283 0.123
0.099 0.683
0.879 0.106
0.914 0.256
0.269 0.162
0.940 0.871
0.517 0.468
0.621 0.580
0.245 0.394
0.562 0.715
0.712 0.805
0.686 0.912
0.873 0.888
0.835 0.677
0.713 0.309
0.653 0.200
0.366 0.704
0.615 0.368
0.082 0.171
0.756 0.430
0.827 0.058
0.655 0.647
0.669 0.417
0.708 0.168
0.689 0.827
0.802 0.489
0.306 0.303
0.702 0.260
0.127 0.198
0.561 0.373
0.284 0.634
0.345 0.719
0.675 0.530
0.615 0.255
0.027 0.299
0.313 0.198
0.081 0.302
0.163 0.778
0.868 0.324
0.892 0.347
0.380 0.825
0.698 0.458
0.437 0.408
0.367 0.827
0.604 0.124
0.202 0.182
0.196 0.393
0.901 0.332
0.695 0.097
0.065 0.194
0.477 0.897
0.671 0.415
0.425 0.536
0.978 0.823
0.398 0.421
0.711 0.733
0.532 0.850
0.415 0.224
0.611 0.685
0.493 0.775
0.281 0.544
0.135 0.547
0.147 0.760
0.525 0.423
0.186 0.393
0.302 0.401
0.807 0.735
0.737 0.290
0.124 0.628
0.622 0.265
0.487 0.858
0.726 0.626
0.934 0.428
0.566 0.594
0.687 0.294
0.360 0.630
0.325 0.513
0.129 0.184
0.397 0.501
0.946 0.176
0.274 0.495
0.519 0.249
0.364 0.649
0.068 0.463
0.642 0.804
0.673 0.578
0.770 0.785
0.154 0.828
0.466 0.198
0.455 0.363
0.897 0.153
0.911 0.974
0.154 0.819
0.559 0.683
0.154 0.242
0.856 0.156
0.376 0.662
0.353 0.337
0.684 0.666
0.617 0.686
0.412 0.156
0.501 0.815
0.222 0.374
0.871 0.702
0.900 0.464
0.339 0.329
0.825 0.817
0.162 0.097
0.402 0.408
0.850 0.201
0.909 0.432
0.497 0.618
0.623 0.187
0.185 0.198
0.847 0.432
0.159 0.950
0.883 0.303
0.644 0.174
0.435 0.622
0.057 0.304
0.328 0.775
0.949 0.857
0.782 0.319
0.101 0.550
0.336 0.814
0.527 0.497
0.524 0.571
0.271 0.267
0.137 0.630
0.303 0.334
0.761 0.872
0.808 0.738
0.726 0.782
0.115 0.412
0.863 0.209
0.387 0.733
0.554 0.304
0.831 0.321
0.123 0.523
0.656 0.392
0.915 0.575
0.172 0.754
0.790 0.932
0.803 0.463
0.422 0.479
0.685 0.900
0.563 0.876
0.945 0.142
0.377 0.469
0.260 0.920
0.395 0.383
0.185 0.228
0.678 0.455
0.390 0.341
0.362 0.094
0.309 0.096
0.864 0.285
0.989 0.287
0.473 0.234
0.283 0.512
0.301 0.044
0.213 0.304
0.915 0.305
0.157 0.087
0.836 0.880
0.343 0.587
0.196 0.483
0.275 0.716
0.885 0.618
0.093 0.323
0.832 0.841
0.537 0.723
0.353 0.120
0.856 0.090
0.279 0.340
0.244 0.543
0.568 0.068
0.890 0.780
0.241 0.676
0.300 0.718
0.743 0.353
0.375 0.904
0.858 0.450
0.295 0.349
0.116 0.855
0.122 0.097
0.481 0.418
0.302 0.450
0.467 0.173
0.708 0.736
0.740 0.202
0.636 0.156
0.800 0.668
0.734 0.566
0.259 0.299
0.812 0.530
0.914 0.767
0.927 0.269
0.646 0.506
0.797 0.960
0.195 0.433
0.758 0.854
0.614 0.737
0.622 0.614
0.377 0.893
0.381 0.424
0.863 0.198
0.234 0.524
0.616 0.558
0.844 0.481
0.741 0.725
0.215 0.427
0.544 0.435
0.521 0.225
0.119 0.022
0.279 0.393
0.343 0.121
0.276 0.391
0.257 0.454
0.766 0.351
0.226 0.798
0.179 0.535
0.795 0.163
0.712 0.244
0.572 0.773
0.628 0.159
0.366 0.436
0.623 0.775
0.508 0.410
0.185 0.590
0.548 0.179
0.363 0.863
0.797 0.464
0.751 0.352
0.440 0.140
0.570 0.178
0.342 0.719
0.503 0.614
0.945 0.033
0.745 0.301
0.195 0.819
0.188 0.135
0.063 0.708
0.456 0.864
0.138 0.562
0.126 0.539
0.414 0.502
0.524 0.697
0.149 0.702
0.395 0.846
0.608 0.949
0.775 0.512
0.201 0.253
0.717 0.669
0.843 0.577
0.423 0.536
0.709 0.842
0.922 0.278
0.566 0.137
0.475 0.580
0.580 0.262
0.480 0.735
0.480 0.847
0.535 0.338
0.897 0.213
0.285 0.309
0.557 0.030
0.383 0.792
0.445 0.292
0.773 0.130
0.864 0.925
0.767 0.538
0.256 0.287
0.717 0.677
0.028 0.775
0.279 0.720
0.594 0.220
0.139 0.857
0.887 0.938
0.252 0.640
0.092 0.275
0.119 0.585
0.931 0.371
0.962 0.227
0.160 0.450
0.750 0.144
0.253 0.437
0.953 0.592
0.421 0.504
0.519 0.812
0.881 0.163
0.506 0.767
0.596 0.371
0.779 0.387
0.302 0.562
0.718 0.100
0.722 0.381
0.745 0.859
0.263 0.152
0.287 0.360
0.527 0.827
0.648 0.321
0.899 0.567
0.122 0.390
0.814 0.919
0.440 0.564
0.752 0.971
0.199 0.163
0.218 0.207
0.241 0.304
0.568 0.605
0.579 0.322
0.914 0.730
0.932 0.531
0.541 0.817
0.870 0.751
0.103 0.166
0.778 0.793
0.687 0.737
0.866 0.365
0.218 0.927
0.764 0.388
0.159 0.389
0.523 0.889
0.151 0.320
0.515 0.131
0.509 0.175
0.376 0.055
0.363 0.909
0.196 0.098
0.951 0.810
0.413 0.640
0.098 0.655
0.082 0.405
0.045 0.740
0.052 0.191
0.330 0.276
0.241 0.677
0.843 0.202
0.260 0.137
0.298 0.686
0.694 0.496
0.738 0.407
0.190 0.358
0.157 0.143
0.178 0.155
0.496 0.235
0.330 0.280
0.268 0.841
0.262 0.050
0.793 0.664
0.869 0.636
0.669 0.269
0.978 0.580
0.737 0.728
0.604 0.723
0.695 0.653
0.931 0.063
0.650 0.492
0.634 0.209
0.684 0.458
0.723 0.834
0.131 0.955
0.054 0.349
0.370 0.456
0.304 0.890
0.537 0.927
0.905 0.502
0.922 0.233
0.720 0.499
0.954 0.836
0.117 0.920
0.444 0.543
0.458 0.055
0.563 0.504
0.316 0.727
0.046 0.615
0.743 0.475
0.649 0.694
0.131 0.242
0.393 0.696
0.109 0.748
0.466 0.087
0.402 0.076
0.533 0.392
0.246 0.125
0.174 0.641
0.101 0.730
0.601 0.683
0.925 0.846
0.574 0.142
0.182 0.056
0.148 0.220
0.312 0.895
0.141 0.818
0.278 0.057
0.195 0.157
0.670 0.689
0.180 0.942
0.470 0.470
0.735 0.553
0.166 0.657
0.117 0.399
0.236 0.739
0.980 0.073
0.801 0.265
0.268 0.684
0.592 0.200
0.335 0.937
0.788 0.683
0.175 0.449
0.751 0.783
0.147 0.228
0.199 0.631
0.858 0.670
0.292 0.193
0.838 0.796
0.573 0.240
0.834 0.092
0.718 0.927
0.965 0.294
0.628 0.448
0.617 0.724
0.134 0.071
0.384 0.182
0.743 0.814
0.354 0.297
0.706 0.756
0.101 0.740
0.800 0.736
0.750 0.783
0.172 0.364
0.405 0.230
0.835 0.661
0.328 0.825
0.144 0.758
0.984 0.340
0.664 0.300
0.408 0.358
0.375 0.126
0.174 0.992
0.026 0.419
0.815 0.734
0.896 0.150
0.921 0.592
0.498 0.448
0.449 0.437
0.172 0.677
0.876 0.327
0.426 0.809
0.221 0.048
0.374 0.796
0.788 0.783
0.403 0.260
0.233 0.767
0.317 0.281
0.611 0.504
0.796 0.097
0.293 0.371
0.877 0.159
0.173 0.485
0.374 0.203
0.766 0.764
0.868 0.885
0.186 0.429
0.461 0.238
0.342 0.261
0.900 0.326
0.053 0.875
0.103 0.733
0.747 0.921
0.929 0.674
0.928 0.651
0.804 0.075
0.651 0.355
0.250 0.562
0.155 0.964
0.871 0.452
0.094 0.312
0.905 0.824
0.415 0.594
0.283 0.180
0.406 0.164
0.228 0.168
0.544 0.915
0.764 0.172
0.133 0.267
0.336 0.968
0.722 0.574
0.087 0.477
0.617 0.450
0.620 0.933
0.303 0.680
0.108 0.604
0.561 0.649
0.913 0.583
0.378 0.146
0.657 0.570
0.329 0.878
0.451 0.746
0.389 0.390
0.698 0.661
0.066 0.366
0.186 0.191
0.381 0.832
0.346 0.596
0.893 0.724
0.627 0.270
0.771 0.654
0.046 0.049
0.474 0.167
0.850 0.389
0.221 0.683
0.842 0.197
0.849 0.925
0.904 0.850
0.703 0.404
0.687 0.927
0.909 0.125
0.087 0.790
0.342 0.585
0.821 0.220
0.200 0.622
0.825 0.265
0.764 0.327
0.224 0.790
0.480 0.396
0.380 0.651
0.881 0.155
0.390 0.104
0.860 0.323
0.108 0.890
0.938 0.279
0.199 0.933
0.901 0.890
0.934 0.476
0.788 0.318
0.765 0.879
0.126 0.882
0.502 0.109
0.154 0.582
0.268 0.459
0.963 0.953
0.181 0.783
0.247 0.731
0.604 0.353
0.314 0.292
0.891 0.682
0.326 0.059
0.103 0.422
0.226 0.674
0.840 0.342
0.533 0.625
0.726 0.262
0.784 0.389
0.330 0.882
0.525 0.476
0.516 0.961
0.305 0.705
0.320 0.773
0.688 0.572
0.269 0.698
0.696 0.505
0.580 0.230
0.838 0.149
0.371 0.633
0.792 0.348
0.547 0.554
0.101 0.890
0.466 0.580
0.743 0.640
0.067 0.739
0.058 0.786
0.621 0.754
0.635 0.176
0.585 0.085
0.978 0.752
0.083 0.751
0.142 0.734
0.508 0.904
0.937 0.132
0.755 0.741
0.168 0.887
0.922 0.106
0.637 0.775
0.403 0.643
0.611 0.492
0.180 0.316
0.747 0.796
0.437 0.570
0.879 0.435
0.899 0.884
0.753 0.452
0.169 0.151
0.066 0.220
0.825 0.304
0.778 0.326
0.918 0.882
0.692 0.861
0.580 0.774
0.236 0.935
0.413 0.906
0.079 0.275
0.401 0.372
0.777 0.342
0.147 0.336
0.472 0.454
0.125 0.950
0.208 0.798
0.529 0.229
0.602 0.262
0.264 0.821
0.318 0.358
0.399 0.769
0.926 0.423
0.810 0.657
0.815 0.690
0.131 0.379
0.606 0.146
0.812 0.503
0.465 0.559
0.550 0.809
0.629 0.396
0.360 0.425
0.731 0.280
0.481 0.896
0.903 0.266
0.126 0.907
0.933 0.194
0.690 0.759
0.717 0.425
0.102 0.612
0.626 0.725
0.523 0.146
0.300 0.509
0.166 0.901
0.204 0.331
0.172 0.597
0.352 0.533
0.393 0.177
0.243 0.384
0.154 0.177
0.656 0.270
0.126 0.172
0.098 0.746
0.296 0.424
0.461 0.675
0.259 0.251
0.310 0.538
0.611 0.897
0.893 0.881
0.094 0.752
0.203 0.221
0.477 0.745
0.881 0.689
0.609 0.850
0.359 0.389
0.481 0.569
0.863 0.605
0.536 0.151
0.100 0.395
0.515 0.614
0.393 0.445
0.396 0.054
0.295 0.169
0.257 0.912
0.595 0.839
0.929 0.064
0.041 0.449
0.658 0.743
0.758 0.450
0.594 0.810
0.824 0.536
0.898 0.508
0.689 0.578
0.259 0.069
0.131 0.054
0.109 0.031
0.064 0.144
0.049 0.278
0.120 0.228
0.116 0.945
0.259 0.811
0.875 0.722
0.416 0.856
0.314 0.172
0.602 0.823
0.853 0.289
0.343 0.642
0.446 0.435
0.165 0.606
0.857 0.642
0.521 0.826
0.511 0.745
0.641 0.800
0.535 0.919
0.283 0.815
0.898 0.774
0.387 0.339
0.273 0.599
0.130 0.188
0.710 0.547
0.161 0.482
0.105 0.301
0.175 0.851
0.068 0.179
0.689 0.224
0.846 0.453
0.654 0.574
0.295 0.016
0.213 0.091
0.102 0.222
0.855 0.922
0.699 0.364
0.124 0.495
0.321 0.570
0.410 0.268
0.927 0.021
0.488 0.158
0.096 0.481
0.348 0.265
0.298 0.331
0.702 0.908
0.333 0.932
0.481 0.461
0.919 0.086
0.661 0.933
0.110 0.589
0.889 0.067
0.376 0.377
0.051 0.714
0.313 0.103
0.043 0.330
0.747 0.443
0.675 0.737
0.694 0.569
0.989 0.371
0.431 0.282
0.777 0.303
0.175 0.190
0.773 0.728
0.035 0.311
0.640 0.349
0.886 0.566
0.551 0.663
0.640 0.786
0.363 0.353
0.785 0.442
0.885 0.603
0.105 0.028
0.448 0.190
0.444 0.669
0.194 0.899
0.414 0.281
0.191 0.651
0.798 0.922
0.392 0.739
0.581 0.565
0.373 0.618
0.858 0.273
0.067 0.461
0.563 0.508
0.498 0.302
0.832 0.654
0.166 0.558
0.965 0.092
0.093 0.813
0.572 0.867
0.610 0.572
0.456 0.719
0.408 0.652
0.082 0.601
0.358 0.742
0.481 0.571
0.118 0.870
0.328 0.833
0.328 0.200
0.863 0.269
0.737 0.090
0.441 0.404
0.726 0.121
0.567 0.236
0.715 0.953
0.380 0.264
0.795 0.296
0.183 0.740
0.742 0.075
0.073 0.260
0.942 0.727
0.130 0.488
0.221 0.722
0.219 0.652
0.800 0.304
0.807 0.235
0.456 0.988
0.663 0.156
0.827 0.232
0.447 0.922
0.517 0.117
0.639 0.264
0.081 0.785
0.756 0.593
0.881 0.754
0.493 0.868
0.674 0.185
0.392 0.409
0.631 0.375
0.378 0.768
0.785 0.725
0.925 0.184
0.224 0.711
0.051 0.229
0.593 0.545
0.103 0.278
0.528 0.850
0.120 0.419
0.879 0.943
0.346 0.212
0.187 0.472
0.100 0.334
0.225 0.007
0.317 0.348
0.183 0.329
0.258 0.298
0.687 0.977
0.203 0.267
0.807 0.373
0.705 0.688
0.150 0.659
0.661 0.251
0.508 0.647
0.161 0.354
0.693 0.692
0.662 0.164
0.344 0.816
0.417 0.461
0.083 0.643
0.713 0.194
0.661 0.101
0.826 0.769
0.868 0.721
0.852 0.613
0.497 0.378
0.450 0.857
0.456 0.120
0.465 0.785
0.891 0.826
0.812 0.066
0.035 0.429
0.569 0.360
0.457 0.173
0.327 0.279
0.285 0.710
0.889 0.756
0.671 0.949
0.474 0.666
0.355 0.085
0.040 0.236
0.428 0.794
0.701 0.448
0.699 0.703
0.583 0.252
0.060 0.639
0.096 0.550
0.281 0.734
0.739 0.219
0.601 0.765
0.901 0.082
0.201 0.706
0.308 0.805
0.602 0.175
0.289 0.814
0.678 0.606
0.718 0.935
0.497 0.423
0.942 0.421
0.539 0.092
0.752 0.697
0.626 0.870
0.509 0.374
0.426 0.116
0.520 0.138
0.620 0.352
0.498 0.756
0.415 0.862
0.115 0.757
0.556 0.812
0.553 0.708
0.867 0.546
0.715 0.145
0.408 0.963
0.744 0.607
0.403 0.515
0.151 0.744
0.747 0.191
0.497 0.108
0.430 0.311
0.850 0.208
0.775 0.320
0.431 0.177
0.631 0.767
0.419 0.378
0.244 0.759
0.798 0.671
0.217 0.908
0.466 0.192
0.844 0.700
0.849 0.780
0.943 0.928
0.794 0.596
0.771 0.818
0.739 0.670
0.618 0.213
0.697 0.215
0.719 0.620
0.044 0.399
0.557 0.391
0.059 0.123
0.906 0.390
0.837 0.597
0.722 0.241
0.560 0.904
0.022 0.512
0.319 0.610
0.568 0.291
0.456 0.523
0.494 0.681
0.202 0.459
0.873 0.368
0.918 0.569
0.829 0.426
0.285 0.501
0.830 0.353
0.599 0.714
0.277 0.702
0.414 0.244
0.927 0.123
0.182 0.964
0.142 0.620
0.809 0.142
0.860 0.779
0.825 0.145
0.246 0.239
0.403 0.854
0.437 0.287
0.686 0.702
0.533 0.804
0.914 0.865
0.571 0.212
0.758 0.611
0.800 0.830
0.793 0.367
0.582 0.105
0.940 0.155
0.522 0.179
0.645 0.341
0.324 0.479
0.351 0.707
0.423 0.351
0.231 0.756
0.556 0.615
0.075 0.180
0.099 0.537
0.340 0.054
0.319 0.659
0.570 0.413
0.302 0.206
0.890 0.244
0.330 0.745
0.959 0.294
0.299 0.560
0.826 0.416
0.378 0.104
0.878 0.362
0.410 0.576
0.801 0.088
0.184 0.135
0.431 0.069
0.263 0.813
0.852 0.513
0.793 0.800
0.209 0.966
0.937 0.172
0.903 0.681
0.548 0.508
0.659 0.904
0.721 0.289
0.476 0.030
0.433 0.367
0.906 0.480
0.203 0.939
0.642 0.672
0.231 0.055
0.680 0.124
0.585 0.736
0.031 0.171
0.282 0.092
0.248 0.663
0.779 0.030
0.931 0.851
0.300 0.678
0.295 0.089
0.410 0.305
0.293 0.639
0.818 0.501
0.141 0.476
0.861 0.693
0.506 0.778
0.055 0.581
0.142 0.180
0.598 0.712
0.510 0.149
0.804 0.241
0.790 0.322
0.662 0.843
0.555 0.957
0.217 0.490
0.626 0.547
0.839 0.256
0.297 0.878
0.430 0.871
0.207 0.731
0.119 0.548
0.142 0.543
0.470 0.883
0.551 0.071
0.869 0.917
0.178 0.700
0.601 0.340
0.742 0.269
0.487 0.857
0.770 0.214
0.611 0.667
0.834 0.904
0.922 0.750
0.434 0.110
0.161 0.679
0.337 0.294
0.057 0.291
0.492 0.187
0.610 0.194
0.156 0.078
0.685 0.595
0.878 0.762
0.810 0.825
0.321 0.684
0.854 0.601
0.050 0.551
0.521 0.526
0.809 0.225
0.142 0.790
0.304 0.096
0.132 0.301
0.821 0.239
0.711 0.110
0.300 0.361
0.837 0.714
0.813 0.589
0.844 0.545
0.938 0.651
0.310 0.405
0.119 0.510
0.609 0.549
0.323 0.925
0.687 0.172
0.111 0.816
0.217 0.159
0.764 0.510
0.096 0.929
0.433 0.697
0.852 0.804
0.157 0.188
0.564 0.568
0.898 0.895
0.557 0.238
0.136 0.242
0.309 0.452
0.685 0.747
0.190 0.101
0.475 0.466
0.507 0.105
0.442 0.392
0.485 0.154
0.060 0.331
0.208 0.106
0.229 0.704
0.714 0.486
0.522 0.748
0.119 0.230
0.479 0.134
0.729 0.428
0.157 0.669
0.195 0.905
0.158 0.809
0.319 0.848
0.192 0.421
0.531 0.328
0.798 0.462
0.074 0.213
0.018 0.554
0.834 0.598
0.470 0.273
0.718 0.228
0.887 0.513
0.912 0.272
0.911 0.587
0.581 0.806
0.325 0.709
0.153 0.117
0.786 0.077
0.331 0.773
0.270 0.675
0.176 0.389
0.446 0.479
0.258 0.657
0.770 0.334
0.678 0.313
0.953 0.427
0.637 0.210
0.509 0.961
0.148 0.412
0.838 0.577
0.363 0.712
0.317 0.373
0.270 0.669
0.563 0.397
0.745 0.266
0.887 0.876
0.239 0.352
0.913 0.774
0.324 0.286
0.682 0.751
0.230 0.773
0.496 0.518
0.825 0.455
0.281 0.180
0.737 0.766
0.912 0.046
0.659 0.505
0.608 0.746
0.219 0.096
0.525 0.232
0.709 0.405
0.296 0.503
0.521 0.329
0.218 0.629
0.707 0.538
0.878 0.210
0.949 0.139
0.345 0.375
0.331 0.395
0.799 0.421
0.674 0.650
0.391 0.036
0.976 0.892
0.400 0.220
0.260 0.075
0.758 0.408
0.893 0.244
0.355 0.428
0.154 0.921
0.421 0.290
0.297 0.783
0.021 0.182
0.750 0.760
0.258 0.469
0.168 0.850
0.234 0.338
0.485 0.053
0.315 0.146
0.087 0.231
0.507 0.740
0.360 0.449
0.794 0.645
0.800 0.072
0.899 0.964
0.876 0.769
0.324 0.519
0.156 0.849
0.642 0.344
0.658 0.445
0.314 0.484
0.326 0.288
0.299 0.894
0.788 0.728
0.733 0.248
0.693 0.215
0.231 0.315
0.118 0.205
0.061 0.256
0.848 0.389
0.205 0.454
0.711 0.616
0.536 0.726
0.323 0.723
0.692 0.891
0.708 0.685
0.689 0.722
0.734 0.320
0.432 0.947
0.242 0.288
0.729 0.769
0.715 0.754
0.130 0.503
0.455 0.306
0.693 0.529
0.096 0.260
0.770 0.526
0.501 0.267
0.126 0.147
0.341 0.354
0.626 0.711
0.227 0.155
0.352 0.266
0.689 0.421
0.544 0.328
0.447 0.474
0.210 0.447
0.345 0.247
0.517 0.605
0.773 0.625
0.945 0.353
0.844 0.321
0.412 0.895
0.880 0.606
0.558 0.494
0.104 0.561
0.065 0.809
0.460 0.173
0.689 0.419
0.828 0.841
0.220 0.831
0.476 0.079
0.783 0.370
0.827 0.468
0.257 0.499
0.194 0.446
0.871 0.439
0.924 0.954
0.891 0.049
0.683 0.319
0.435 0.653
0.529 0.337
0.682 0.991
0.427 0.935
0.365 0.177
0.270 0.020
0.125 0.187
0.849 0.872
0.397 0.459
0.050 0.882
0.668 0.318
0.896 0.082
0.392 0.959
0.908 0.573
0.380 0.150
0.384 0.280
0.653 0.237
0.613 0.354
0.561 0.806
0.540 0.597
0.197 0.491
0.804 0.324
0.557 0.375
0.369 0.152
0.281 0.664
0.222 0.543
0.899 0.415
0.515 0.219
0.340 0.258
0.339 0.934
0.370 0.842
0.202 0.809
0.366 0.760
0.178 0.847
0.148 0.896
0.646 0.401
0.725 0.764
0.668 0.416
0.753 0.368
0.238 0.508
0.115 0.739
0.403 0.755
0.017 0.666
0.312 0.754
0.302 0.553
0.405 0.791
0.987 0.494
0.772 0.180
0.849 0.635
0.205 0.543
0.540 0.138
0.733 0.518
0.403 0.235
0.442 0.860
0.673 0.135
0.173 0.296
0.166 0.718
0.392 0.725
0.163 0.768
0.906 0.654
0.609 0.853
0.198 0.797
0.151 0.605
0.609 0.701
0.061 0.519
0.662 0.120
0.111 0.531
0.215 0.786
0.719 0.847
0.168 0.903
0.886 0.294
0.835 0.301
0.904 0.735
0.249 0.340
0.833 0.518
0.766 0.264
0.914 0.374
0.073 0.757
0.527 0.603
0.365 0.647
0.321 0.667
0.939 0.849
0.173 0.299
0.802 0.552
0.663 0.889
0.878 0.463
0.334 0.864
0.464 0.793
0.591 0.446
0.367 0.164
0.183 0.303
0.405 0.041
0.682 0.951
0.752 0.591
0.845 0.700
0.479 0.669
0.194 0.184
0.326 0.747
0.180 0.618
0.809 0.712
0.649 0.517
0.344 0.866
0.618 0.568
0.843 0.169
0.679 0.554
0.281 0.496
0.353 0.034
0.236 0.244
0.419 0.733
0.203 0.778
0.045 0.777
0.747 0.545
0.275 0.713
0.263 0.529
0.281 0.738
0.557 0.634
0.827 0.123
0.287 0.723
0.330 0.799
0.689 0.497
0.143 0.846
0.526 0.293
0.969 0.722
0.579 0.418
0.182 0.125
0.014 0.655
0.627 0.130
0.506 0.246
0.861 0.363
0.547 0.459
0.166 0.152
0.633 0.345
0.858 0.861
0.292 0.620
0.404 0.545
0.415 0.115
0.850 0.782
0.724 0.951
0.267 0.729
0.874 0.760
0.657 0.524
0.302 0.691
0.934 0.427
0.569 0.150
0.084 0.121
0.364 0.395
0.837 0.087
0.370 0.454
0.726 0.299
0.829 0.101
0.545 0.839
0.874 0.935
0.190 0.524
0.527 0.152
0.791 0.299
0.877 0.228
0.257 0.736
0.966 0.461
0.623 0.458
0.426 0.500
0.288 0.543
0.492 0.553
0.197 0.404
0.640 0.185
0.698 0.265
0.928 0.678
0.331 0.043
0.376 0.462
0.607 0.803
0.458 0.383
0.948 0.801
0.894 0.222
0.694 0.631
0.139 0.309
0.392 0.484
0.886 0.062
0.710 0.597
0.876 0.310
0.577 0.396
0.090 0.153
0.179 0.160
0.834 0.895
0.268 0.528
0.890 0.105
0.494 0.323
0.363 0.753
0.476 0.435
0.450 0.514
0.379 0.253
0.438 0.828
0.909 0.263
0.012 0.501
0.921 0.950
0.188 0.139
0.982 0.028
0.748 0.467
0.582 0.096
0.211 0.905
0.355 0.249
0.936 0.500
0.290 0.084
0.893 0.217
0.938 0.774
0.262 0.785
0.538 0.081
0.124 0.947
0.887 0.135
0.961 0.905
0.789 0.742
0.614 0.629
0.318 0.783
0.434 0.455
0.625 0.864
0.626 0.380
0.218 0.300
0.147 0.280
0.120 0.930
0.372 0.497
0.220 0.701
0.926 0.249
0.557 0.083
0.238 0.861
0.615 0.623
0.104 0.241
0.917 0.578
0.746 0.772
0.849 0.244
0.615 0.218
0.947 0.709
0.332 0.729
0.642 0.138
0.253 0.251
0.821 0.824
0.639 0.523
0.438 0.603
0.382 0.629
0.643 0.802
0.296 0.810
0.292 0.818
0.878 0.303
0.930 0.148
0.526 0.281
0.232 0.299
0.255 0.799
0.031 0.121
0.185 0.383
0.859 0.073
0.362 0.843
0.461 0.693
0.366 0.401
0.493 0.847
0.881 0.343
0.465 0.107
0.544 0.202
0.860 0.528
0.127 0.392
0.090 0.037
0.213 0.061
0.760 0.362
0.379 0.804
0.106 0.816
0.735 0.883
0.226 0.275
0.700 0.265
0.369 0.715
0.288 0.777
0.588 0.890
0.263 0.415
0.241 0.424
0.665 0.564
0.124 0.651
0.683 0.864
0.871 0.602
0.247 0.153
0.737 0.678
0.715 0.638
0.776 0.117
0.276 0.826
0.826 0.306
0.467 0.657
0.266 0.548
0.618 0.410
0.287 0.509
0.775 0.246
0.350 0.567
0.225 0.580
0.161 0.954
0.861 0.249
0.399 0.255
0.704 0.751
0.397 0.836
0.322 0.212
0.601 0.549
0.306 0.071
0.576 0.747
0.415 0.245
0.593 0.771
0.765 0.182
0.712 0.557
0.709 0.129
0.507 0.109
0.393 0.817
0.646 0.688
0.237 0.377
0.547 0.200
0.055 0.238
0.193 0.457
0.709 0.843
0.207 0.026
0.083 0.511
0.534 0.859
0.521 0.669
0.349 0.366
0.790 0.418
0.247 0.568
0.743 0.320
0.870 0.753
0.737 0.657
0.516 0.883
0.690 0.928
0.667 0.320
0.807 0.784
0.297 0.475
0.807 0.902
0.299 0.631
0.336 0.836
0.669 0.575
0.787 0.830
0.864 0.102
0.141 0.496
0.477 0.761
0.105 0.438
0.252 0.031
0.432 0.232
0.431 0.070
0.637 0.573
0.264 0.177
0.471 0.809
0.191 0.188
0.845 0.011
0.210 0.193
0.828 0.282
0.202 0.030
0.542 0.467
0.814 0.682
0.081 0.214
0.398 0.316
0.277 0.184
0.294 0.446
0.558 0.786
0.137 0.138
0.757 0.641
0.510 0.818
0.139 0.800
0.401 0.177
0.104 0.191
0.208 0.699
0.204 0.874
0.997 0.835
0.459 0.452
0.099 0.352
0.188 0.538
0.692 0.969
0.941 0.820
0.682 0.240
0.833 0.205
0.116 0.156
0.678 0.106
0.330 0.310
0.307 0.725
0.121 0.500
0.674 0.844
0.395 0.241
0.554 0.482
0.158 0.113
0.754 0.574
0.282 0.974
0.330 0.623
0.478 0.700
0.959 0.712
0.092 0.784
0.793 0.542
0.161 0.303
0.862 0.182
0.111 0.604
0.861 0.830
0.584 0.240
0.540 0.280
0.833 0.613
0.733 0.856
0.129 0.599
0.894 0.201
0.088 0.512
0.841 0.596
0.473 0.502
0.795 0.633
0.710 0.541
0.728 0.369
0.430 0.880
0.589 0.372
0.696 0.736
0.320 0.770
0.612 0.761
0.135 0.563
0.379 0.248
0.843 0.483
0.286 0.635
0.778 0.328
0.628 0.137
0.363 0.280
0.707 0.690
0.183 0.249
0.214 0.891
0.834 0.263
0.248 0.374
0.269 0.669
0.539 0.281
0.823 0.097
0.407 0.923
0.035 0.694
0.748 0.826
0.828 0.752
0.376 0.115
0.805 0.988
0.314 0.281
0.629 0.151
0.739 0.735
0.762 0.110
0.824 0.308
0.327 0.415
0.399 0.730
0.128 0.840
0.132 0.617
0.487 0.632
0.315 0.228
0.433 0.782
0.573 0.723
0.392 0.837
0.762 0.451
0.148 0.795
0.116 0.390
0.693 0.164
0.294 0.174
0.187 0.364
0.602 0.496
0.047 0.581
0.173 0.583
0.903 0.106
0.733 0.320
0.607 0.471
0.352 0.685
0.413 0.735
0.859 0.023
0.842 0.292
0.170 0.291
0.832 0.364
0.851 0.211
0.214 0.176
0.497 0.213
0.218 0.208
0.775 0.212
0.497 0.985
0.762 0.757
0.662 0.557
0.364 0.639
0.739 0.481
0.609 0.119
0.278 0.110
0.446 0.728
0.857 0.797
0.695 0.191
0.308 0.181
0.241 0.939
0.904 0.492
0.799 0.188
0.786 0.189
0.113 0.409
0.604 0.353
0.861 0.346
0.025 0.808
0.686 0.721
0.730 0.966
0.760 0.123
0.534 0.463
0.478 0.297
0.780 0.289
0.827 0.518
0.726 0.778
0.889 0.287
0.743 0.298
0.682 0.181
0.093 0.125
0.261 0.774
0.476 0.270
0.161 0.575
0.750 0.053
0.650 0.049
0.155 0.653
0.604 0.684
0.602 0.584
0.242 0.887
0.602 0.729
0.274 0.421
0.634 0.349
0.714 0.386
0.474 0.455
0.130 0.085
0.635 0.428
0.668 0.414
0.221 0.886
0.723 0.418
0.955 0.461
0.435 0.212
0.328 0.838
0.525 0.756
0.271 0.638
0.858 0.896
0.333 0.658
0.722 0.104
0.408 0.579
0.586 0.449
0.857 0.703
0.253 0.159
0.188 0.660
0.359 0.315
0.675 0.381
0.223 0.700
0.778 0.502
0.752 0.227
0.234 0.339
0.085 0.169
0.747 0.820
0.251 0.512
0.846 0.629
0.495 0.110
0.468 0.593
0.461 0.573
0.071 0.708
0.095 0.653
0.147 0.275
0.298 0.303
0.465 0.222
0.070 0.677
0.240 0.310
0.243 0.753
0.793 0.746
0.778 0.298
0.671 0.827
0.160 0.423
0.817 0.377
0.500 0.214
0.208 0.366
0.422 0.112
0.305 0.685
0.527 0.977
0.686 0.842
0.611 0.603
0.619 0.697
0.804 0.473
0.671 0.821
0.302 0.080
0.820 0.267
0.820 0.593
0.554 0.091
0.689 0.716
0.387 0.817
0.302 0.963
0.316 0.213
0.294 0.087
0.156 0.450
0.596 0.226
0.636 0.266
0.155 0.791
0.347 0.158
0.256 0.321
0.667 0.302
0.480 0.903
0.344 0.461
0.446 0.213
0.160 0.315
0.887 0.443
0.582 0.122
0.761 0.812
0.257 0.079
0.501 0.206
0.639 0.780
0.418 0.312
0.211 0.467
0.211 0.264
0.515 0.650
0.092 0.798
0.872 0.071
0.147 0.871
0.401 0.248
0.561 0.434
0.244 0.420
0.305 0.277
0.091 0.525
0.983 0.532
0.758 0.186
0.153 0.571
0.376 0.108
0.748 0.838
0.830 0.270
0.230 0.820
0.303 0.825
0.834 0.953
0.514 0.552
0.337 0.581
0.394 0.666
0.148 0.582
0.070 0.710
0.306 0.152
0.358 0.292
0.408 0.828
0.665 0.279
0.926 0.939
0.688 0.577
0.215 0.906
0.175 0.725
0.758 0.375
0.420 0.416
0.862 0.309
0.754 0.396
0.218 0.939
0.732 0.867
0.573 0.196
0.533 0.434
0.723 0.607
0.252 0.104
0.380 0.744
0.090 0.355
0.518 0.199
0.900 0.320
0.572 0.767
0.173 0.327
0.507 0.686
0.565 0.664
0.178 0.799
0.192 0.628
0.260 0.667
0.321 0.853
0.258 0.427
0.551 0.919
0.527 0.487
0.179 0.221
0.453 0.410
0.209 0.892
0.982 0.804
0.286 0.567
0.151 0.509
0.913 0.185
0.520 0.958
0.832 0.989
0.658 0.700
0.161 0.869
0.910 0.577
0.083 0.791
0.897 0.567
0.443 0.187
0.847 0.454
0.233 0.617
0.133 0.670
0.866 0.131
0.733 0.896
0.659 0.809
0.916 0.842
0.911 0.232
0.192 0.547
0.534 0.091
0.335 0.740
0.053 0.288
0.134 0.744
0.538 0.351
0.715 0.620
0.914 0.604
0.789 0.994
0.601 0.256
0.834 0.787
0.270 0.433
0.756 0.896
0.697 0.020
0.537 0.642
0.971 0.173
0.044 0.809
0.221 0.192
0.434 0.662
0.016 0.185
0.338 0.937
0.765 0.605
0.797 0.481
0.526 0.201
0.368 0.634
0.105 0.883
0.949 0.795
0.826 0.507
0.954 0.842
0.571 0.562
0.588 0.088
0.269 0.471
0.687 0.063
0.050 0.810
0.121 0.741
0.759 0.606
0.200 0.472
0.967 0.315
0.041 0.682
0.484 0.902
0.014 0.601
0.642 0.617
0.945 0.509
0.595 0.427
0.317 0.114
0.895 0.642
0.720 0.314
0.305 0.407
0.758 0.214
0.302 0.417
0.239 0.320
0.819 0.567
0.483 0.726
0.367 0.321
0.682 0.814
0.755 0.851
0.264 0.161
0.574 0.082
0.864 0.842
0.795 0.348
0.855 0.601
0.388 0.231
0.772 0.152
0.583 0.691
0.739 0.073
0.133 0.151
0.161 0.859
0.712 0.051
0.713 0.940
0.685 0.050
0.450 0.598
0.248 0.120
0.321 0.869
0.586 0.148
0.760 0.785
0.880 0.205
0.872 0.684
0.832 0.458
0.790 0.573
0.903 0.274
0.429 0.331
0.269 0.687
0.807 0.404
0.196 0.360
0.075 0.825
0.277 0.903
0.652 0.859
0.609 0.419
0.301 0.158
0.137 0.781
0.551 0.419
0.468 0.194
0.189 0.703
0.294 0.284
0.912 0.174
0.329 0.450
0.422 0.238
0.804 0.322
0.527 0.272
0.504 0.817
0.486 0.812
0.411 0.071
0.283 0.951
0.427 0.613
0.793 0.294
0.367 0.038
0.312 0.649
0.746 0.616
0.238 0.285
0.335 0.232
0.838 0.103
0.079 0.460
0.067 0.069
0.544 0.648
0.302 0.962
0.451 0.865
0.428 0.932
0.687 0.257
0.762 0.381
0.609 0.425
0.353 0.904
0.859 0.245
0.713 0.840
0.536 0.128
0.616 0.266
0.698 0.841
0.238 0.934
0.918 0.175
0.206 0.889
0.732 0.668
0.246 0.201
0.091 0.286
0.934 0.130
0.174 0.884
0.679 0.805
0.584 0.220
0.855 0.175
0.597 0.816
0.909 0.600
0.320 0.814
0.309 0.307
0.742 0.724
0.608 0.661
0.923 0.154
0.535 0.823
0.644 0.945
0.332 0.315
0.515 0.234
0.684 0.415
0.179 0.918
0.831 0.690
0.263 0.722
0.828 0.846
0.804 0.910
0.547 0.679
0.277 0.136
0.786 0.276
0.201 0.365
0.516 0.617
0.717 0.069
0.737 0.210
0.578 0.234
0.338 0.303
0.386 0.401
0.888 0.811
0.892 0.283
0.867 0.263
0.736 0.550
0.779 0.480
0.272 0.293
0.524 0.721
0.596 0.141
0.678 0.286
0.073 0.229
0.215 0.824
0.909 0.852
0.122 0.634
0.899 0.600
0.768 0.782
0.383 0.748
0.739 0.751
0.157 0.568
0.835 0.229
0.261 0.833
0.264 0.411
0.787 0.384
0.788 0.220
0.915 0.417
0.626 0.903
0.627 0.250
0.741 0.489
0.376 0.572
0.171 0.188
0.141 0.369
0.785 0.327
0.752 0.936
0.445 0.101
0.029 0.489
0.892 0.797
0.913 0.810
0.731 0.109
0.500 0.203
0.889 0.619
0.881 0.865
0.504 0.465
0.323 0.182
0.221 0.187
0.331 0.196
0.510 0.044
0.156 0.482
0.295 0.470
0.079 0.688
0.874 0.705
0.609 0.786
0.863 0.541
0.028 0.298
0.892 0.889
0.180 0.190
0.175 0.272
0.142 0.240
0.239 0.485
0.530 0.969
0.911 0.106
0.213 0.786
0.738 0.414
0.699 0.823
0.267 0.269
0.388 0.611
0.244 0.223
0.205 0.491
0.446 0.559
0.847 0.872
0.384 0.426
0.454 0.255
0.496 0.845
0.409 0.363
0.091 0.807
0.168 0.452
0.870 0.921
0.692 0.945
0.322 0.306
0.822 0.325
0.856 0.854
0.728 0.841
0.268 0.780
0.060 0.607
0.639 0.133
0.842 0.675
0.514 0.241
0.052 0.342
0.624 0.168
0.944 0.435
0.121 0.467
0.382 0.616
0.114 0.278
0.268 0.345
0.880 0.099
0.827 0.589
0.535 0.513
0.810 0.359
0.901 0.611
0.720 0.684
0.486 0.534
0.821 0.346
0.352 0.772
0.220 0.058
0.928 0.813
0.430 0.680
0.310 0.802
0.623 0.131
0.159 0.211
0.195 0.769
0.753 0.414
0.165 0.644
0.214 0.403
0.595 0.820
0.626 0.562
0.280 0.689
0.097 0.129
0.464 0.582
0.812 0.192
0.243 0.925
0.421 0.810
0.259 0.537
0.416 0.574
0.206 0.166
0.938 0.678
0.645 0.396
0.749 0.384
0.166 0.725
0.921 0.972
0.836 0.274
0.360 0.064
0.110 0.778
0.570 0.514
0.842 0.201
0.716 0.736
0.311 0.397
0.326 0.655
0.164 0.511
0.626 0.240
0.753 0.792
0.833 0.239
0.686 0.790
0.567 0.141
0.579 0.205
0.695 0.743
0.681 0.610
0.771 0.461
0.050 0.567
0.442 0.550
0.686 0.762
0.146 0.141
0.199 0.885
0.834 0.146
0.633 0.462
0.719 0.121
0.398 0.221
0.605 0.769
0.631 0.803
0.694 0.158
0.036 0.165
0.639 0.883
0.231 0.241
0.580 0.450
0.926 0.687
0.401 0.201
0.064 0.519
0.744 0.955
0.943 0.897
0.763 0.677
0.933 0.380
0.806 0.598
0.502 0.758
0.518 0.549
0.218 0.088
0.602 0.078
0.386 0.827
0.945 0.606
0.131 0.130
0.821 0.093
0.209 0.229
0.534 0.385
0.606 0.141
0.059 0.861
0.604 0.220
0.331 0.168
0.105 0.959
0.416 0.422
0.066 0.491
0.873 0.436
0.389 0.243
0.194 0.149
0.014 0.275
0.800 0.587
0.943 0.648
0.794 0.734
0.242 0.705
0.165 0.729
0.736 0.327
0.875 0.445
0.771 0.375
0.230 0.851
0.269 0.406
0.160 0.210
0.779 0.634
0.595 0.872
0.096 0.641
0.778 0.885
0.485 0.412
0.536 0.365
0.440 0.557
0.814 0.292
0.771 0.597
0.674 0.249
0.395 0.253
0.080 0.704
0.271 0.427
0.700 0.081
0.695 0.583
0.380 0.495
0.147 0.399
0.457 0.290
0.685 0.133
0.852 0.110
0.801 0.622
0.753 0.816
0.836 0.572
0.480 0.110
0.112 0.206
0.695 0.109
0.139 0.027
0.156 0.594
0.406 0.560
0.074 0.904
0.157 0.827
0.332 0.111
0.867 0.565
0.542 0.913
0.859 0.272
0.523 0.924
0.399 0.585
0.510 0.047
0.148 0.936
0.242 0.855
0.397 0.436
0.187 0.367
0.911 0.519
0.191 0.439
0.217 0.786
0.125 0.487
0.870 0.424
0.510 0.968
0.495 0.728
0.969 0.126
0.470 0.755
0.399 0.650
0.955 0.246
0.763 0.534
0.701 0.725
0.198 0.211
0.197 0.435
0.557 0.640
0.352 0.301
0.881 0.762
0.736 0.904
0.152 0.627
0.758 0.069
0.378 0.674
0.108 0.301
0.660 0.925
0.090 0.129
0.472 0.621
0.197 0.910
0.267 0.190
0.510 0.684
0.876 0.292
0.836 0.626
0.439 0.574
0.609 0.949
0.243 0.329
0.821 0.689
0.249 0.939
0.220 0.322
0.807 0.831
0.795 0.674
0.515 0.468
0.661 0.622
0.140 0.795
0.718 0.351
0.665 0.497
0.091 0.743
0.941 0.652
0.205 0.552
0.378 0.568
0.929 0.731
0.595 0.409
0.229 0.723
0.970 0.440
0.622 0.123
0.926 0.678
0.642 0.229
0.021 0.634
0.352 0.373
0.731 0.219
0.454 0.689
0.631 0.957
0.107 0.155
0.206 0.285
0.333 0.365
0.743 0.172
0.156 0.588
0.374 0.132
0.918 0.259
0.748 0.242
0.106 0.187
0.148 0.135
0.404 0.226
0.815 0.164
0.522 0.877
0.681 0.089
0.201 0.070
0.794 0.051
0.871 0.113
0.871 0.811
0.892 0.131
0.696 0.157
0.136 0.762
0.544 0.059
0.873 0.752
0.489 0.915
0.347 0.530
0.676 0.259
0.425 0.905
0.835 0.562
0.631 0.124
0.304 0.776
0.388 0.420
0.542 0.153
0.568 0.395
0.531 0.783
0.293 0.288
0.746 0.068
0.748 0.283
0.215 0.190
0.592 0.427
0.940 0.685
0.079 0.937
0.802 0.902
0.047 0.350
0.263 0.738
0.780 0.145
0.918 0.708
0.352 0.439
0.545 0.370
0.688 0.815
0.285 0.941
0.016 0.285
0.613 0.042
0.815 0.458
0.123 0.662
0.090 0.414
0.748 0.469
0.144 0.697
0.274 0.492
0.827 0.421
0.722 0.904
0.299 0.188
0.578 0.240
0.779 0.619
0.735 0.320
0.793 0.048
0.924 0.713
0.112 0.492
0.523 0.212
0.802 0.165
0.770 0.705
0.600 0.795
0.303 0.796
0.620 0.216
0.379 0.416
0.537 0.616
0.812 0.156
0.389 0.425
0.495 0.551
0.242 0.593
0.416 0.167
0.950 0.762
0.314 0.519
0.656 0.653
0.107 0.549
0.476 0.548
0.777 0.397
0.201 0.194
0.145 0.423
0.923 0.205
0.618 0.778
0.413 0.618
0.477 0.050
0.747 0.238
0.792 0.124
0.775 0.095
0.971 0.340
0.901 0.213
0.929 0.219
0.193 0.673
0.363 0.789
0.184 0.183
0.734 0.366
0.147 0.277
0.584 0.494
0.867 0.772
0.850 0.510
0.285 0.273
0.859 0.745
0.339 0.736
0.796 0.255
0.752 0.656
0.663 0.233
0.888 0.862
0.643 0.716
0.843 0.853
0.375 0.479
0.170 0.344
0.701 0.847
0.257 0.116
0.089 0.940
0.217 0.445
0.709 0.113
0.707 0.272
0.081 0.902
0.201 0.248
0.014 0.802
0.091 0.844
0.694 0.113
0.742 0.092
0.710 0.888
0.273 0.126
0.665 0.300
0.192 0.141
0.390 0.106
0.767 0.263
0.197 0.102
0.167 0.637
0.216 0.444
0.568 0.856
0.253 0.240
0.785 0.464
0.782 0.907
0.331 0.628
0.633 0.170
0.496 0.360
0.766 0.505
0.478 0.739
0.242 0.075
0.084 0.378
0.428 0.265
0.478 0.939
0.424 0.715
0.777 0.673
0.347 0.891
0.240 0.315
0.575 0.705
0.173 0.720
0.698 0.307
0.146 0.263
0.161 0.662
0.790 0.838
0.577 0.643
0.370 0.587
0.775 0.350
0.192 0.107
0.543 0.067
0.790 0.625
0.424 0.362
0.360 0.167
0.108 0.348
0.901 0.622
0.551 0.749
0.351 0.098
0.829 0.500
0.691 0.198
0.516 0.346
0.934 0.843
0.947 0.744
0.824 0.824
0.722 0.940
0.354 0.760
0.304 0.936
0.853 0.257
0.592 0.689
0.692 0.252
0.464 0.741
0.115 0.905
0.366 0.859
0.728 0.728
0.129 0.024
0.482 0.346
0.693 0.536
0.771 0.959
0.179 0.821
0.714 0.766
0.835 0.354
0.544 0.575
0.834 0.143
0.192 0.294
0.173 0.926
0.324 0.293
0.787 0.608
0.393 0.342
0.597 0.303
0.452 0.758
0.738 0.765
0.666 0.794
0.201 0.631
0.205 0.449
0.817 0.372
0.153 0.229
0.566 0.689
0.965 0.488
0.741 0.573
0.286 0.342
0.578 0.329
0.893 0.279
0.234 0.458
0.571 0.300
0.832 0.326
0.179 0.763
0.386 0.762
0.668 0.611
0.701 0.840
0.560 0.362
0.936 0.372
0.801 0.807
0.204 0.809
0.072 0.360
0.228 0.748
0.410 0.238
0.167 0.034
0.543 0.214
0.834 0.573
0.842 0.979
0.116 0.289
0.940 0.727
0.779 0.746
0.162 0.433
0.596 0.160
0.457 0.455
0.024 0.398
0.263 0.066
0.701 0.439
0.347 0.790
0.601 0.535
0.367 0.593
0.477 0.493
0.891 0.130
0.416 0.353
0.875 0.559
0.092 0.688
0.955 0.798
0.229 0.757
0.311 0.556
0.857 0.927
0.766 0.765
0.500 0.826
0.712 0.554
0.908 0.120
0.654 0.628
0.652 0.509
0.921 0.761
0.499 0.760
0.244 0.664
0.373 0.892
0.732 0.947
0.233 0.165
0.570 0.821
0.620 0.843
0.356 0.496
0.150 0.524
0.519 0.533
0.779 0.711
0.741 0.834
0.677 0.477
0.301 0.857
0.584 0.365
0.592 0.570
0.720 0.383
0.870 0.903
0.204 0.252
0.630 0.326
0.557 0.623
0.558 0.859
0.664 0.858
0.309 0.930
0.580 0.535
0.266 0.665
0.808 0.301
0.939 0.632
0.952 0.894
0.307 0.498
0.004 0.700
0.410 0.698
0.507 0.689
0.187 0.740
0.743 0.283
0.819 0.154
0.585 0.740
0.105 0.111
0.752 0.219
0.859 0.148
0.456 0.178
0.407 0.708
0.316 0.142
0.699 0.241
0.651 0.310
0.146 0.587
0.112 0.292
0.138 0.093
0.587 0.889
0.203 0.976
0.226 0.859
0.294 0.844
0.268 0.455
0.289 0.147
0.148 0.716
0.876 0.173
0.190 0.531
0.346 0.130
0.368 0.322
0.132 0.653
0.035 0.618
0.862 0.405
0.494 0.008
0.171 0.416
0.439 0.114
0.891 0.986
0.657 0.508
0.071 0.237
0.345 0.490
0.613 0.776
0.130 0.193
0.373 0.767
0.104 0.216
0.591 0.526
0.538 0.740
0.345 0.800
0.725 0.389
0.663 0.062
0.296 0.254
0.114 0.203
0.246 0.323
0.244 0.715
0.222 0.420
0.855 0.121
0.837 0.253
0.205 0.827
0.199 0.189
0.344 0.398
0.565 0.090
0.697 0.768
0.409 0.376
0.455 0.413
0.775 0.433
0.258 0.422
0.675 0.695
0.769 0.242
0.304 0.217
0.388 0.950
0.642 0.787
0.519 0.748
0.407 0.614
0.236 0.325
0.636 0.696
0.760 0.754
0.170 0.358
0.426 0.923
0.979 0.771
0.273 0.533
0.260 0.574
0.635 0.033
0.492 0.919
0.145 0.495
0.735 0.730
0.648 0.423
0.062 0.320
0.832 0.867
0.866 0.876
0.295 0.682
0.290 0.721
0.939 0.261
0.772 0.686
0.272 0.744
0.275 0.434
0.420 0.319
0.284 0.176
0.381 0.574
0.707 0.980
0.588 0.212
0.234 0.642
0.416 0.539
0.241 0.664
0.326 0.126
0.088 0.310
0.443 0.134
0.405 0.712
0.297 0.464
0.040 0.793
0.975 0.335
0.595 0.341
0.615 0.871
0.244 0.211
0.235 0.322
0.599 0.552
0.113 0.044
0.931 0.527
0.841 0.237
0.189 0.078
0.796 0.125
0.911 0.211
0.167 0.148
0.047 0.867
0.715 0.073
0.075 0.930
0.416 0.460
0.555 0.561
0.808 0.358
0.389 0.390
0.618 0.232
0.842 0.894
0.177 0.534
0.901 0.312
0.857 0.366
0.791 0.150
0.645 0.244
0.475 0.895
0.240 0.489
0.374 0.368
0.454 0.758
0.128 0.099
0.958 0.320
0.274 0.588
0.240 0.795
0.291 0.573
0.225 0.052
0.502 0.980
0.275 0.095
0.690 0.804
0.112 0.864
0.766 0.365
0.620 0.118
0.800 0.128
0.830 0.788
0.079 0.610
0.213 0.097
0.117 0.534
0.777 0.241
0.166 0.761
0.878 0.614
0.135 0.409
0.619 0.819
0.028 0.627
0.898 0.412
0.266 0.560
0.418 0.192
0.257 0.827
0.562 0.614
0.677 0.661
0.793 0.647
0.776 0.562
0.170 0.325
0.890 0.811
0.287 0.253
0.770 0.551
0.289 0.516
0.628 0.627
0.834 0.200
0.311 0.210
0.169 0.278
0.076 0.684
0.802 0.705
0.139 0.815
0.272 0.899
0.417 0.804
0.140 0.289
0.388 0.713
0.701 0.371
0.542 0.594
0.771 0.563
0.289 0.845
0.033 0.976
0.547 0.970
0.059 0.805
0.552 0.119
0.712 0.136
0.613 0.972
0.080 0.056
0.881 0.282
0.202 0.475
0.451 0.467
0.113 0.906
0.925 0.294
0.478 0.700
0.628 0.920
0.682 0.944
0.423 0.747
0.672 0.066
0.390 0.713
0.280 0.626
0.370 0.564
0.561 0.731
0.226 0.840
0.314 0.755
0.119 0.088
0.750 0.378
0.450 0.811
0.905 0.449
0.066 0.292
0.388 0.296
0.729 0.888
0.568 0.932
0.418 0.367
0.113 0.759
0.822 0.899
0.270 0.485
0.471 0.890
0.741 0.156
0.898 0.672
0.089 0.338
0.398 0.197
0.797 0.381
0.807 0.612
0.757 0.211
0.586 0.079
0.453 0.593
0.303 0.021
0.935 0.276
0.763 0.558
0.406 0.587
0.191 0.263
0.197 0.519
0.763 0.269
0.239 0.444
0.508 0.279
0.827 0.344
0.777 0.337
0.706 0.875
0.598 0.093
0.597 0.513
0.784 0.013
0.632 0.842
0.169 0.199
0.492 0.380
0.631 0.195
0.924 0.336
0.642 0.521
0.392 0.859
0.564 0.395
0.743 0.640
0.996 0.507
0.588 0.748
0.202 0.034
0.918 0.481
0.533 0.650
0.499 0.792
0.472 0.311
0.360 0.741
0.255 0.775
0.361 0.484
0.671 0.735
0.421 0.183
0.733 0.600
0.765 0.709
0.317 0.595
0.373 0.299
0.524 0.267
0.643 0.530
0.390 0.668
0.273 0.445
0.664 0.727
0.649 0.532
0.595 0.459
0.094 0.916
0.220 0.281
0.780 0.643
0.818 0.385
0.652 0.620
0.459 0.427
0.667 0.614
0.946 0.474
0.213 0.361
0.388 0.634
0.297 0.186
0.640 0.920
0.302 0.836
0.195 0.841
0.181 0.753
0.276 0.716
0.473 0.365
0.213 0.071
0.193 0.434
0.678 0.734
0.787 0.929
0.803 0.701
0.234 0.551
0.376 0.668
0.934 0.585
0.559 0.700
0.684 0.899
0.275 0.301
0.158 0.098
0.489 0.752
0.118 0.514
0.559 0.230
0.035 0.762
0.486 0.384
0.247 0.718
0.565 0.351
0.263 0.524
0.151 0.526
0.862 0.083
0.369 0.529
0.140 0.114
0.361 0.139
0.763 0.165
0.141 0.689
0.698 0.716
0.491 0.314
0.405 0.544
0.288 0.806
0.688 0.895
0.457 0.459
0.335 0.672
0.962 0.934
0.078 0.914
0.120 0.970
0.247 0.421
0.790 0.049
0.641 0.701
0.815 0.811
0.601 0.272
0.259 0.626
0.754 0.855
0.365 0.299
0.950 0.376
0.366 0.212
0.338 0.219
0.832 0.284
0.086 0.297
0.206 0.743
0.318 0.791
0.913 0.853
0.129 0.826
0.470 0.339
0.075 0.172
0.894 0.947
0.623 0.517
0.056 0.805
0.902 0.223
0.360 0.499
0.825 0.755
0.222 0.615
0.292 0.368
0.649 0.396
0.266 0.484
0.416 0.353
0.080 0.182
0.319 0.165
0.578 0.386
0.853 0.118
0.772 0.404
0.382 0.094
0.571 0.378
0.252 0.635
0.432 0.062
0.222 0.081
0.572 0.073
0.829 0.219
0.517 0.295
0.679 0.886
0.264 0.210
0.236 0.142
0.159 0.431
