130
60
88
47
63
129
79
74
70
68
120
105
72
59
94
84
75
176
94
59
110
92
82
68
111
92
107
76
88
52
75
63
124
125
116
86
75
84
143
85
54
67
98
109
78
62
69
72
75
76
119
110
69
81
87
86
72
92
85
99
104
116
129
82
74
79
60
123
119
69
89
93
85
95
77
89
92
204
78
91
97
161
92
61
70
89
80
89
84
90
97
88
112
116
109
81
110
67
88
86
118
88
98
117
78
70
57
72
105
103
218
165
72
65
96
76
110
107
78
129
108
67
49
113
105
102
84
72
178
107
71
67
101
55
115
63
88
113
55
107
91
86
57
79
89
88
80
73
88
148
76
134
110
88
114
53
79
81
83
95
69
64
83
111
71
82
101
93
65
102
67
63
58
84
103
109
94
63
65
73
72
70
110
97
131
102
75
73
98
99
58
71
74
86
71
56
111
124
134
70
80
80
116
73
82
89
98
134
65
90
87
111
98
78
72
129
78
116
98
93
75
75
104
86
117
78
61
102
72
74
62
128
63
62
52
68
116
71
83
120
51
71
107
70
65
82
106
62
94
65
150
115
79
53
89
70
103
106
148
90
135
76
71
68
66
68
63
64
82
66
81
140
112
78
94
158
132
130
89
84
147
111
66
64
62
93
86
111
62
94
84
117
98
87
74
103
66
81
93
64
70
61
63
231
63
94
69
127
94
86
90
85
85
103
99
74
116
155
56
69
84
89
79
66
98
58
61
62
97
72
81
65
68
74
55
60
88
69
60
83
112
69
101
119
114
120
163
81
87
80
102
64
65
134
94
84
71
59
72
99
111
99
110
104
128
78
135
59
58
72
82
71
81
112
176
106
92
65
104
115
96
102
86
124
114
67
73
67
101
78
112
73
72
130
68
61
71
131
132
100
138
101
87
76
81
113
131
81
93
84
119
101
79
50
99
67
87
66
54
76
67
76
106
170
56
79
108
58
75
66
75
89
70
75
75
96
116
130
82
50
81
100
143
69
84
57
103
63
72
105
98
92
105
88
63
65
61
51
77
121
96
122
68
83
79
97
52
86
85
82
123
98
71
133
80
77
112
93
94
98
115
87
84
63
60
78
64
74
77
93
72
61
88
74
129
63
69
78
62
57
104
52
91
87
80
95
54
123
68
54
78
89
71
58
79
70
79
94
100
159
54
60
73
74
113
67
63
72
65
60
70
140
86
93
77
71
80
74
56
66
111
64
64
72
79
73
116
66
79
75
139
108
73
76
76
111
70
57
58
75
82
82
90
85
78
98
68
85
80
77
112
90
118
66
151
57
63
85
127
103
120
71
50
73
87
127
63
117
57
67
67
76
123
66
107
64
65
75
106
96
62
87
98
59
118
68
103
128
61
85
96
63
56
103
79
110
111
75
122
104
115
80
94
176
64
137
70
158
76
88
73
49
115
162
103
79
125
68
102
87
72
77
98
71
96
86
117
99
57
129
95
64
105
92
75
84
83
95
78
90
71
82
69
81
107
82
89
98
89
80
106
75
63
89
69
79
96
78
84
70
66
87
80
134
183
83
70
101
93
76
92
74
64
112
69
77
68
79
80
63
59
140
70
70
55
95
144
97
128
95
70
81
69
61
164
79
85
57
82
79
53
72
65
59
78
122
65
86
75
65
211
152
112
68
112
56
68
123
61
102
60
62
104
94
78
139
87
94
85
104
72
91
69
108
59
64
110
128
65
85
109
96
98
108
66
74
73
85
109
77
98
65
77
102
102
60
133
142
59
64
61
69
86
96
95
123
77
79
82
129
96
68
78
64
70
69
117
75
62
84
78
113
102
138
60
102
82
72
52
99
117
71
123
80
81
116
73
72
82
98
95
74
116
77
97
117
96
73
110
63
85
48
93
185
86
60
105
83
52
72
87
91
81
87
58
106
80
92
74
101
70
67
56
86
100
72
59
70
67
51
85
84
141
96
80
113
84
78
114
55
68
109
131
61
119
81
67
90
101
59
85
71
60
92
73
74
83
97
105
58
138
66
102
79
86
57
108
98
123
78
68
100
91
72
108
95
82
94
53
125
76
58
58
119
79
58
85
104
69
73
139
84
51
67
77
67
71
111
56
92
69
140
84
68
71
70
133
69
97
83
129
91
76
105
61
69
73
89
91
87
61
89
72
63
95
78
101
60
77
87
127
65
59
58
45
78
93
75
75
81
65
90
67
90
69
137
73
62
85
104
67
74
76
52
140
73
116
143
140
69
94
64
62
80
65
93
69
92
87
67
74
62
73
67
99
100
61
61
101
99
60
65
111
66
62
67
88
75
79
115
84
94
119
72
87
55
94
71
135
66
94
97
63
100
61
187
74
64
98
77
129
69
113
114
67
75
87
83
106
126
76
80
67
134
65
91
69
65
109
68
74
81
77
84
68
156
122
121
72
93
68
108
95
60
80
75
63
80
81
69
117
63
54
84
86
73
89
114
57
111
92
164
123
108
118
74
109
94
95
76
58
59
65
61
67
91
63
108
73
90
147
68
67
103
72
75
105
130
80
73
68
63
55
130
69
107
76
80
59
103
118
76
64
69
57
100
69
73
79
59
69
76
79
109
86
71
107
104
88
62
77
139
100
76
95
74
73
82
123
90
63
76
64
50
51
81
89
68
75
98
117
112
133
71
107
72
69
60
68
99
123
90
79
57
119
84
112
83
129
78
60
75
72
126
84
93
76
79
70
71
128
91
81
68
71
66
109
91
88
98
74
81
95
94
50
109
93
67
93
154
55
81
106
136
72
120
80
62
83
82
65
132
82
63
94
117
79
86
74
134
73
70
61
113
74
53
166
88
74
71
80
118
64
61
95
58
87
58
52
56
57
83
91
122
65
54
74
83
99
68
60
75
84
90
89
98
102
81
61
106
79
82
70
149
66
72
68
136
79
79
82
62
76
70
53
58
66
105
77
98
95
78
78
75
83
126
69
79
90
109
156
93
121
55
79
123
76
85
118
168
55
61
94
99
98
124
70
86
71
70
70
144
80
109
64
73
56
73
132
70
48
66
102
152
58
50
131
63
67
121
105
71
58
85
83
111
74
76
74
74
72
85
82
138
81
100
108
119
87
107
70
109
68
87
125
84
154
98
177
170
66
98
54
112
81
94
73
88
75
97
99
96
89
107
165
62
62
68
99
64
68
114
59
88
80
63
71
119
82
82
60
128
85
61
87
58
103
70
64
81
111
72
87
60
52
90
109
85
64
72
55
81
59
82
89
62
97
65
103
125
125
58
101
88
128
79
57
66
71
76
84
136
73
150
65
153
78
68
70
58
93
97
85
98
155
78
73
75
71
68
79
115
85
99
109
103
83
119
109
69
115
95
62
72
78
75
100
96
66
58
85
135
55
97
64
109
115
81
82
83
80
67
80
85
71
66
110
78
71
89
81
80
61
78
131
63
96
101
87
145
102
62
75
62
48
77
76
115
106
50
62
110
90
107
113
88
75
112
82
78
80
102
166
52
88
60
89
107
72
91
85
63
121
95
78
72
95
90
81
107
60
70
77
147
69
67
67
85
154
89
126
102
106
55
66
77
120
52
102
57
79
135
61
65
64
82
92
122
64
61
50
84
55
99
120
77
56
64
88
60
81
68
94
80
104
119
91
106
76
77
122
96
59
58
126
81
71
67
126
104
147
83
62
64
72
164
66
56
53
60
94
99
108
81
126
112
66
66
84
83
65
77
94
116
115
100
71
80
94
135
73
70
77
60
101
63
75
76
71
54
70
130
81
94
86
62
112
65
54
70
71
62
80
86
82
129
64
107
62
117
61
65
85
137
108
59
66
131
65
69
101
78
95
86
208
63
83
144
91
80
108
129
76
109
90
132
82
98
68
96
122
69
130
96
59
99
73
84
68
85
101
91
62
102
59
89
70
152
104
94
58
112
78
65
76
74
78
83
73
101
108
79
83
87
72
135
109
61
114
102
63
75
86
83
117
63
80
71
131
61
75
116
68
83
83
133
59
74
65
75
81
57
88
71
80
95
70
68
70
103
82
70
57
77
99
70
97
80
99
95
88
65
111
66
98
88
67
111
76
63
66
74
124
80
70
66
68
89
143
83
73
58
78
97
49
87
57
110
85
66
68
112
67
72
78
99
68
76
86
77
58
126
65
155
114
78
78
79
97
65
83
78
79
123
134
88
80
65
59
76
89
64
73
114
57
136
144
81
104
73
79
95
61
65
79
55
93
92
63
79
78
68
84
86
100
105
109
81
76
107
82
130
78
75
90
94
85
75
83
149
155
101
86
85
111
160
88
100
96
111
75
142
94
65
64
88
84
69
57
70
75
92
76
58
116
52
113
59
163
91
78
70
81
101
75
53
91
94
141
120
71
103
110
90
129
57
69
56
149
133
79
75
115
68
70
71
87
61
134
58
160
49
89
94
94
109
85
154
65
122
89
115
118
83
73
97
93
81
77
70
63
55
65
136
121
110
101
67
60
71
101
77
99
62
95
107
74
65
79
107
79
105
174
96
79
86
52
93
46
59
83
105
142
68
59
94
67
85
74
63
96
131
92
81
63
78
67
124
70
76
95
114
134
92
63
105
109
89
48
78
69
65
93
95
70
69
69
61
109
135
52
84
113
68
92
107
83
110
57
85
66
108
100
80
88
62
76
119
54
65
121
55
73
87
111
114
114
73
65
63
75
84
64
114
66
117
65
111
131
56
113
65
61
153
78
75
60
96
85
113
112
88
71
132
79
149
73
67
98
113
103
63
73
79
73
89
97
100
153
118
76
68
64
138
66
159
60
78
67
92
151
65
101
60
96
83
96
65
72
113
63
66
62
95
97
77
73
99
76
79
84
110
71
116
66
115
74
143
106
107
67
113
58
114
108
68
62
64
113
56
62
100
103
128
98
74
95
81
118
70
60
101
105
81
70
77
62
118
98
98
85
125
121
74
71
67
136
153
73
61
71
92
102
69
100
87
70
80
57
57
105
61
82
83
77
74
48
114
76
109
59
85
79
55
65
77
102
68
99
116
81
71
67
114
96
77
79
112
84
59
103
84
129
123
121
144
64
70
145
101
51
89
87
141
82
76
67
84
124
86
64
121
98
60
64
98
46
77
114
84
61
58
98
76
74
62
72
91
101
57
103
79
110
71
82
66
102
112
58
57
61
100
81
111
156
125
67
97
89
77
55
99
78
61
58
69
72
70
58
73
102
78
128
74
67
83
71
67
75
85
136
60
121
159
95
62
96
88
69
62
50
62
97
56
115
97
87
60
52
72
78
67
102
128
68
52
106
92
75
89
119
69
97
62
73
88
113
86
61
116
102
87
62
74
81
129
58
93
85
132
131
98
76
59
71
107
143
74
95
78
82
146
165
106
96
61
62
115
55
81
61
98
69
88
99
85
55
104
65
61
97
94
128
65
73
49
77
56
73
75
96
98
78
120
79
94
74
65
106
106
94
104
93
103
76
67
62
91
113
157
69
84
131
92
72
87
172
71
62
62
72
110
85
66
60
70
73
107
86
107
108
85
78
83
111
94
91
64
119
74
83
147
86
88
69
68
93
69
50
113
60
79
104
60
93
78
73
113
90
151
132
128
97
135
100
58
73
106
92
167
103
87
88
61
113
76
77
92
97
68
89
77
143
53
170
80
131
175
60
61
58
181
114
144
71
118
113
84
67
72
79
78
48
128
71
67
78
97
93
62
81
54
85
100
96
64
57
122
130
76
76
85
74
55
116
128
127
85
63
59
65
105
92
96
109
155
87
60
78
70
63
73
159
91
100
106
83
81
56
76
68
119
89
64
91
131
106
84
56
86
93
105
74
78
88
70
62
62
72
55
130
64
70
60
91
80
101
142
172
110
129
128
118
79
104
79
92
77
80
118
64
103
97
96
97
95
74
69
79
78
79
77
64
104
58
104
52
101
75
64
137
76
106
98
55
84
61
126
60
109
68
89
74
131
55
57
78
74
86
74
98
69
83
128
122
146
58
62
96
81
91
77
85
82
63
105
83
68
178
98
105
60
76
109
165
86
69
75
58
101
62
89
75
95
66
90
71
82
71
72
61
107
56
85
77
85
71
54
66
65
86
93
81
104
96
109
55
61
86
113
89
91
78
70
104
75
74
68
62
76
77
97
105
114
71
158
102
117
99
66
71
127
95
100
68
69
57
100
124
71
62
58
125
109
106
59
128
87
110
66
62
75
116
51
100
88
119
113
69
111
82
74
76
84
117
135
87
101
70
66
99
70
75
78
71
70
130
113
135
94
62
70
82
82
80
139
68
87
94
82
126
179
101
101
83
88
71
129
135
122
103
79
119
69
95
63
56
79
72
74
79
105
122
93
89
80
63
162
74
127
60
75
71
99
101
63
107
100
76
74
99
56
48
79
85
56
92
93
64
84
104
105
55
153
61
76
148
79
110
84
117
96
75
115
80
61
87
96
80
74
92
56
74
80
156
75
79
65
78
64
63
112
134
101
100
126
66
85
174
76
145
76
112
76
110
92
70
63
102
103
102
93
62
132
86
60
63
98
126
92
54
63
97
117
77
76
75
74
70
92
106
52
61
69
143
102
128
59
69
104
101
93
62
85
94
88
116
90
177
116
87
75
92
83
95
79
75
90
71
111
148
60
144
83
132
85
68
59
100
151
133
93
76
77
84
87
74
113
139
72
66
93
113
99
67
84
56
137
97
83
129
101
67
96
80
71
62
96
70
83
69
108
97
80
120
169
63
128
90
68
86
59
70
57
114
85
81
124
118
97
83
86
56
92
91
66
87
84
79
107
89
76
63
113
58
87
65
92
103
99
87
124
133
70
62
75
62
115
77
86
135
67
131
83
81
94
80
68
100
67
114
101
104
91
83
114
115
131
66
73
88
108
95
113
78
67
99
96
56
133
72
95
129
90
107
102
175
87
96
66
93
111
114
85
98
86
88
54
109
66
80
69
96
51
75
52
64
61
59
124
72
118
70
137
86
113
60
156
79
114
63
58
84
90
85
118
78
102
78
95
69
70
88
80
74
171
69
98
78
77
101
56
68
64
90
89
70
73
74
87
83
113
101
67
86
76
86
117
99
106
142
79
86
104
123
98
55
142
95
184
90
99
76
73
111
81
66
95
60
81
123
73
84
60
98
62
157
121
78
171
66
65
61
130
89
60
82
65
85
61
72
137
82
115
64
89
83
71
107
53
61
84
77
92
71
113
193
93
57
71
87
107
65
118
115
85
126
57
61
68
72
65
119
58
79
73
150
58
134
73
49
61
140
104
98
88
76
92
76
61
121
55
57
153
123
90
148
73
116
55
89
97
67
85
90
69
70
97
92
121
108
62
60
87
122
64
80
83
101
64
85
91
91
81
92
108
127
88
88
58
78
84
66
99
120
71
193
60
61
104
116
73
87
99
72
77
113
77
101
107
65
57
91
182
63
85
102
79
106
69
76
87
68
83
120
109
70
84
74
100
163
71
99
135
100
81
77
115
74
69
74
82
94
146
74
90
104
80
76
77
100
61
147
72
89
71
62
99
82
105
94
80
88
88
99
102
110
110
68
90
68
141
74
163
104
70
117
138
104
101
62
133
129
95
122
62
76
132
61
58
66
60
54
73
121
71
106
66
73
80
64
86
55
109
78
125
85
99
72
63
79
67
88
110
66
125
144
81
62
69
102
73
64
52
68
130
65
62
77
63
83
75
84
82
78
102
88
102
80
83
105
88
83
125
108
92
57
142
77
58
94
82
123
71
82
85
104
55
72
88
103
65
73
85
97
83
82
103
76
106
55
73
118
73
94
90
68
72
82
62
104
91
84
65
67
67
50
53
81
71
58
111
75
56
69
80
69
72
107
124
123
71
62
66
105
101
68
55
53
70
70
61
116
52
71
101
99
112
83
69
82
149
102
101
93
110
60
68
77
64
104
68
70
121
116
72
72
81
65
66
64
66
74
92
78
94
81
83
97
59
77
101
114
129
82
66
96
59
104
70
69
93
63
66
137
91
58
76
69
82
74
126
101
68
74
72
66
71
190
72
77
177
111
113
103
64
72
107
75
137
99
114
64
81
68
78
90
55
104
149
111
80
65
69
107
106
77
116
87
69
127
108
118
85
89
69
209
128
57
101
101
125
88
81
148
130
69
127
89
61
71
74
85
150
99
76
94
54
76
127
87
90
107
70
74
133
204
60
60
115
95
91
67
133
58
64
78
84
60
122
76
117
73
91
81
58
155
63
74
108
107
81
60
74
55
67
104
60
69
77
86
87
97
157
64
80
60
113
51
94
81
111
76
103
85
60
82
95
86
62
58
125
64
134
121
127
67
76
90
65
92
62
103
110
84
107
97
73
128
69
64
88
130
80
109
89
83
148
76
75
63
77
92
163
95
63
108
97
129
59
151
74
102
99
149
105
161
104
63
68
91
59
80
109
82
70
67
84
67
113
84
53
64
85
55
88
119
102
74
71
69
99
92
104
81
78
92
123
53
116
67
70
133
58
79
78
72
89
110
133
68
64
121
82
56
77
57
64
59
56
74
73
78
73
55
92
51
159
85
85
70
89
79
57
128
136
86
86
83
89
76
68
103
114
69
69
100
74
134
140
71
78
55
85
113
84
91
82
63
66
123
73
136
97
71
72
95
190
94
78
47
55
82
57
116
64
85
60
60
149
146
73
73
137
57
80
97
91
73
100
91
125
63
85
165
94
66
96
96
61
114
102
68
80
94
139
67
68
92
75
119
51
95
74
87
136
118
119
85
127
57
98
65
77
87
149
84
76
113
99
98
113
100
70
63
82
76
78
72
125
111
79
69
103
48
74
156
116
54
54
106
121
108
87
65
74
84
114
104
83
75
95
77
78
87
76
77
119
133
91
96
87
88
74
83
156
61
53
52
119
74
90
86
86
67
53
55
70
73
86
74
68
70
70
74
71
109
104
72
69
82
83
83
128
130
76
123
64
91
65
63
72
81
112
80
104
99
198
87
100
60
70
115
98
75
51
95
106
82
64
61
90
84
72
73
79
84
68
82
117
110
90
54
69
88
96
128
116
65
74
