0.803 0.143
0.432 0.527
0.425 0.166
0.210 0.555
0.126 0.895
0.171 0.855
0.738 0.078
0.091 0.760
0.329 0.867
0.309 0.449
0.901 0.631
0.496 0.923
0.176 0.885
0.059 0.721
0.182 0.023
0.395 0.472
0.793 0.542
0.112 0.812
0.772 0.413
0.569 0.862
0.421 0.518
0.083 0.864
0.697 0.185
0.320 0.814
0.707 0.437
0.448 0.255
0.477 0.562
0.353 0.750
0.975 0.836
0.552 0.053
0.163 0.333
0.275 0.493
0.387 0.311
0.685 0.159
0.658 0.393
0.334 0.382
0.166 0.328
0.507 0.831
0.638 0.520
0.190 0.095
0.166 0.241
0.714 0.406
0.240 0.063
0.287 0.211
0.061 0.426
0.868 0.330
0.889 0.040
0.317 0.397
0.281 0.293
0.430 0.664
0.297 0.341
0.644 0.412
0.246 0.269
0.704 0.626
0.325 0.401
0.587 0.958
0.667 0.977
0.629 0.044
0.525 0.360
0.800 0.836
0.183 0.662
0.285 0.709
0.344 0.119
0.628 0.804
0.251 0.153
0.673 0.466
0.774 0.368
0.102 0.537
0.632 0.204
0.187 0.476
0.539 0.108
0.801 0.389
0.141 0.319
0.371 0.500
0.350 0.539
0.680 0.875
0.268 0.879
0.386 0.469
0.597 0.355
0.405 0.327
0.821 0.560
0.390 0.812
0.751 0.523
0.242 0.893
0.244 0.761
0.178 0.576
0.950 0.275
0.782 0.478
0.834 0.891
0.768 0.121
0.562 0.134
0.673 0.612
0.465 0.648
0.338 0.320
0.518 0.192
0.709 0.499
0.531 0.197
0.210 0.397
0.588 0.295
0.420 0.242
0.559 0.822
0.258 0.712
0.175 0.143
0.043 0.398
0.229 0.524
0.085 0.332
0.378 0.239
0.675 0.796
0.758 0.643
0.908 0.946
0.597 0.969
0.805 0.459
0.756 0.780
0.821 0.970
0.299 0.375
0.740 0.586
0.613 0.308
0.499 0.886
0.488 0.542
0.188 0.807
0.194 0.725
0.441 0.857
0.645 0.338
0.891 0.835
0.883 0.503
0.196 0.807
0.170 0.216
0.531 0.241
0.117 0.788
0.706 0.199
0.671 0.413
0.300 0.770
0.885 0.186
0.789 0.857
0.718 0.599
0.983 0.560
0.074 0.699
0.275 0.335
0.672 0.371
0.282 0.373
0.475 0.395
0.535 0.786
0.546 0.130
0.194 0.511
0.946 0.433
0.567 0.716
0.141 0.331
0.483 0.073
0.800 0.714
0.074 0.556
0.599 0.743
0.096 0.918
0.183 0.968
0.232 0.517
0.385 0.192
0.898 0.502
0.573 0.476
0.142 0.967
0.931 0.685
0.230 0.736
0.210 0.584
0.617 0.471
0.220 0.147
0.207 0.884
0.213 0.857
0.840 0.609
0.110 0.760
0.065 0.630
0.650 0.425
0.597 0.266
0.359 0.326
0.721 0.714
0.478 0.433
0.034 0.116
0.628 0.050
0.870 0.934
0.103 0.830
0.631 0.425
0.527 0.624
0.784 0.831
0.601 0.107
0.390 0.247
0.040 0.465
0.777 0.769
0.392 0.469
0.215 0.942
0.653 0.853
0.352 0.430
0.675 0.261
0.834 0.333
0.666 0.636
0.379 0.599
0.526 0.845
0.797 0.412
0.103 0.972
0.508 0.932
0.440 0.355
0.316 0.287
0.887 0.101
0.243 0.407
0.386 0.255
0.399 0.831
0.432 0.805
0.612 0.877
0.173 0.662
0.737 0.667
0.608 0.700
0.367 0.681
0.809 0.088
0.369 0.092
0.291 0.343
0.225 0.585
0.795 0.427
0.740 0.243
0.679 0.633
0.958 0.791
0.621 0.769
0.477 0.204
0.644 0.775
0.776 0.321
0.033 0.328
0.365 0.814
0.261 0.447
0.327 0.389
0.666 0.118
0.893 0.607
0.795 0.157
0.143 0.573
0.420 0.265
0.040 0.674
0.092 0.808
0.638 0.621
0.747 0.715
0.279 0.647
0.439 0.314
0.610 0.942
0.067 0.182
0.079 0.404
0.351 0.286
0.709 0.364
0.319 0.722
0.272 0.249
0.145 0.847
0.771 0.146
0.131 0.938
0.880 0.667
0.319 0.696
0.333 0.849
0.119 0.933
0.828 0.939
0.330 0.623
0.356 0.801
0.220 0.253
0.290 0.940
0.755 0.776
0.317 0.677
0.167 0.834
0.191 0.758
0.495 0.373
0.853 0.086
0.739 0.429
0.697 0.937
0.707 0.801
0.442 0.829
0.398 0.653
0.725 0.929
0.407 0.931
0.588 0.539
0.452 0.363
0.433 0.526
0.324 0.158
0.796 0.047
0.191 0.519
0.597 0.210
0.663 0.606
0.647 0.080
0.138 0.231
0.113 0.096
0.653 0.519
0.712 0.169
0.459 0.214
0.498 0.538
0.890 0.783
0.750 0.435
0.208 0.121
0.008 0.823
0.947 0.213
0.301 0.144
0.777 0.166
0.296 0.351
0.726 0.937
0.148 0.526
0.438 0.974
0.216 0.501
0.081 0.695
0.449 0.653
0.611 0.635
0.401 0.466
0.501 0.466
0.301 0.155
0.108 0.661
0.770 0.168
0.742 0.260
0.576 0.177
0.942 0.250
0.183 0.864
0.897 0.856
0.306 0.224
0.557 0.211
0.309 0.090
0.240 0.616
0.081 0.710
0.702 0.255
0.127 0.138
0.619 0.134
0.392 0.467
0.542 0.135
0.919 0.120
0.229 0.604
0.817 0.661
0.558 0.280
0.287 0.177
0.608 0.086
0.858 0.667
0.347 0.103
0.269 0.546
0.553 0.836
0.253 0.150
0.284 0.772
0.351 0.638
0.265 0.692
0.819 0.236
0.876 0.148
0.650 0.156
0.882 0.286
0.711 0.505
0.272 0.318
0.324 0.868
0.166 0.181
0.266 0.548
0.081 0.179
0.672 0.630
0.847 0.642
0.272 0.758
0.601 0.242
0.355 0.268
0.738 0.786
0.845 0.387
0.897 0.612
0.049 0.203
0.750 0.498
0.273 0.674
0.491 0.114
0.675 0.206
0.393 0.713
0.204 0.614
0.320 0.311
0.877 0.746
0.797 0.896
0.241 0.615
0.302 0.745
0.461 0.437
0.368 0.023
0.732 0.307
0.311 0.672
0.518 0.874
0.224 0.169
0.527 0.951
0.243 0.811
0.781 0.158
0.666 0.530
0.434 0.643
0.384 0.764
0.630 0.257
0.053 0.332
0.933 0.789
0.090 0.086
0.284 0.814
0.782 0.373
0.281 0.757
0.871 0.184
0.743 0.305
0.457 0.211
0.146 0.801
0.260 0.756
0.581 0.771
0.086 0.474
0.913 0.115
0.270 0.436
0.675 0.479
0.766 0.442
0.180 0.569
0.313 0.038
0.318 0.567
0.765 0.409
0.177 0.340
0.807 0.032
0.481 0.899
0.241 0.713
0.315 0.285
0.462 0.086
0.822 0.153
0.703 0.695
0.960 0.308
0.072 0.634
0.840 0.832
0.233 0.497
0.633 0.524
0.227 0.716
0.218 0.444
0.356 0.229
0.958 0.358
0.748 0.177
0.967 0.446
0.454 0.397
0.755 0.687
0.328 0.276
0.367 0.598
0.808 0.015
0.788 0.774
0.339 0.810
0.395 0.412
0.801 0.193
0.276 0.662
0.543 0.758
0.380 0.470
0.782 0.315
0.323 0.160
0.763 0.292
0.263 0.436
0.193 0.679
0.249 0.152
0.479 0.259
0.339 0.396
0.570 0.367
0.158 0.153
0.123 0.780
0.294 0.430
0.534 0.432
0.520 0.499
0.683 0.774
0.095 0.773
0.600 0.727
0.350 0.432
0.622 0.769
0.155 0.274
0.116 0.913
0.341 0.762
0.728 0.816
0.335 0.461
0.093 0.380
0.283 0.537
0.144 0.591
0.213 0.537
0.691 0.364
0.835 0.862
0.181 0.736
0.142 0.870
0.811 0.927
0.765 0.748
0.040 0.411
0.282 0.358
0.922 0.550
0.620 0.909
0.603 0.800
0.894 0.624
0.078 0.701
0.070 0.391
0.935 0.594
0.354 0.728
0.287 0.445
0.417 0.280
0.680 0.502
0.862 0.827
0.468 0.730
0.982 0.186
0.493 0.239
0.496 0.405
0.732 0.659
0.219 0.318
0.833 0.650
0.839 0.872
0.853 0.297
0.161 0.719
0.217 0.576
0.718 0.162
0.268 0.657
0.988 0.388
0.653 0.749
0.710 0.523
0.239 0.947
0.020 0.610
0.900 0.295
0.105 0.303
0.657 0.957
0.269 0.686
0.784 0.248
0.210 0.534
0.940 0.223
0.709 0.045
0.147 0.928
0.517 0.473
0.283 0.551
0.031 0.360
0.747 0.808
0.803 0.135
0.057 0.173
0.328 0.509
0.338 0.244
0.343 0.887
0.557 0.732
0.643 0.268
0.805 0.847
0.541 0.135
0.676 0.262
0.546 0.491
0.244 0.879
0.754 0.928
0.376 0.673
0.907 0.166
0.242 0.297
0.808 0.831
0.603 0.352
0.233 0.746
0.087 0.219
0.967 0.079
0.396 0.396
0.137 0.511
0.319 0.850
0.481 0.101
0.446 0.162
0.851 0.239
0.173 0.624
0.635 0.914
0.767 0.119
0.348 0.336
0.062 0.802
0.628 0.470
0.829 0.262
0.733 0.780
0.243 0.799
0.722 0.110
0.313 0.278
0.958 0.675
0.440 0.571
0.114 0.518
0.193 0.222
0.511 0.219
0.922 0.275
0.928 0.650
0.805 0.534
0.766 0.441
0.877 0.665
0.192 0.197
0.065 0.503
0.720 0.734
0.647 0.831
0.373 0.358
0.787 0.756
0.784 0.261
0.378 0.050
0.285 0.586
0.151 0.847
0.410 0.588
0.853 0.268
0.422 0.200
0.310 0.764
0.590 0.178
0.919 0.668
0.845 0.338
0.696 0.678
0.330 0.717
0.300 0.705
0.637 0.690
0.108 0.492
0.355 0.879
0.189 0.712
0.339 0.483
0.836 0.078
0.924 0.945
0.024 0.797
0.169 0.149
0.221 0.770
0.581 0.859
0.298 0.125
0.891 0.934
0.477 0.818
0.700 0.397
0.136 0.203
0.703 0.162
0.788 0.135
0.731 0.833
0.064 0.515
0.442 0.257
0.246 0.109
0.173 0.805
0.615 0.508
0.162 0.388
0.058 0.442
0.596 0.089
0.172 0.432
0.664 0.262
0.875 0.950
0.662 0.299
0.258 0.849
0.771 0.189
0.598 0.346
0.224 0.237
0.443 0.292
0.754 0.302
0.526 0.918
0.191 0.430
0.835 0.953
0.633 0.516
0.288 0.757
0.034 0.881
0.836 0.410
0.092 0.270
0.837 0.687
0.121 0.415
0.489 0.658
0.580 0.511
0.624 0.477
0.387 0.708
0.226 0.179
0.050 0.644
0.733 0.735
0.554 0.361
0.525 0.859
0.463 0.148
0.333 0.529
0.772 0.212
0.604 0.731
0.550 0.873
0.630 0.616
0.528 0.359
0.172 0.822
0.235 0.154
0.741 0.243
0.436 0.815
0.976 0.423
0.540 0.442
0.804 0.128
0.842 0.749
0.039 0.655
0.308 0.162
0.202 0.270
0.961 0.125
0.683 0.894
0.091 0.705
0.837 0.813
0.102 0.594
0.648 0.466
0.305 0.293
0.369 0.447
0.648 0.039
0.350 0.211
0.757 0.178
0.326 0.482
0.812 0.782
0.231 0.570
0.501 0.980
0.589 0.278
0.378 0.340
0.168 0.460
0.238 0.475
0.479 0.663
0.831 0.229
0.314 0.861
0.179 0.251
0.146 0.872
0.443 0.488
0.433 0.697
0.632 0.598
0.383 0.385
0.302 0.251
0.816 0.746
0.363 0.491
0.416 0.119
0.680 0.956
0.409 0.628
0.366 0.233
0.207 0.842
0.384 0.635
0.935 0.798
0.112 0.261
0.494 0.250
0.208 0.256
0.409 0.530
0.879 0.449
0.306 0.602
0.550 0.354
0.861 0.377
0.280 0.420
0.149 0.162
0.219 0.751
0.792 0.349
0.414 0.301
0.226 0.211
0.412 0.468
0.052 0.233
0.049 0.833
0.168 0.164
0.314 0.833
0.638 0.549
0.364 0.904
0.582 0.214
0.645 0.347
0.921 0.810
0.591 0.360
0.079 0.593
0.947 0.243
0.033 0.557
0.712 0.826
0.333 0.523
0.962 0.322
0.504 0.708
0.575 0.361
0.331 0.847
0.136 0.889
0.222 0.485
0.169 0.687
0.805 0.382
0.903 0.806
0.749 0.566
0.607 0.084
0.440 0.802
0.061 0.278
0.639 0.105
0.318 0.514
0.442 0.800
0.390 0.817
0.785 0.257
0.596 0.753
0.241 0.327
0.227 0.865
0.127 0.319
0.839 0.227
0.085 0.193
0.327 0.732
0.834 0.688
0.876 0.252
0.233 0.647
0.101 0.439
0.428 0.437
0.447 0.119
0.354 0.202
0.704 0.671
0.103 0.413
0.589 0.801
0.727 0.278
0.712 0.423
0.241 0.114
0.752 0.074
0.833 0.412
0.785 0.827
0.189 0.210
0.324 0.216
0.906 0.242
0.601 0.455
0.911 0.218
0.830 0.777
0.301 0.540
0.432 0.993
0.383 0.121
0.106 0.552
0.264 0.682
0.429 0.671
0.166 0.290
0.768 0.630
0.164 0.767
0.106 0.414
0.152 0.823
0.739 0.392
0.805 0.758
0.072 0.687
0.681 0.563
0.331 0.608
0.122 0.547
0.033 0.767
0.315 0.114
0.658 0.148
0.577 0.131
0.742 0.086
0.284 0.538
0.134 0.484
0.241 0.271
0.991 0.262
0.079 0.240
0.416 0.360
0.922 0.238
0.202 0.271
0.357 0.187
0.613 0.275
0.145 0.095
0.062 0.495
0.018 0.228
0.194 0.531
0.561 0.779
0.774 0.552
0.756 0.486
0.610 0.774
0.393 0.797
0.235 0.605
0.709 0.374
0.438 0.935
0.461 0.151
0.114 0.699
0.453 0.265
0.383 0.327
0.447 0.218
0.133 0.375
0.796 0.577
0.420 0.075
0.357 0.744
0.300 0.383
0.939 0.150
0.786 0.371
0.745 0.108
0.360 0.705
0.713 0.026
0.198 0.927
0.789 0.564
0.216 0.277
0.107 0.764
0.736 0.044
0.773 0.775
0.811 0.333
0.391 0.421
0.405 0.477
0.307 0.312
0.240 0.371
0.168 0.894
0.849 0.164
0.683 0.882
0.202 0.745
0.740 0.102
0.367 0.923
0.759 0.901
0.675 0.965
0.794 0.637
0.176 0.193
0.184 0.367
0.272 0.099
0.264 0.310
0.214 0.561
0.318 0.057
0.604 0.535
0.810 0.339
0.604 0.985
0.513 0.389
0.894 0.639
0.685 0.541
0.202 0.234
0.259 0.282
0.683 0.585
0.348 0.458
0.617 0.195
0.390 0.309
0.523 0.274
0.679 0.279
0.139 0.545
0.616 0.769
0.830 0.417
0.535 0.117
0.773 0.848
0.868 0.763
0.749 0.404
0.953 0.758
0.536 0.959
0.201 0.842
0.232 0.648
0.580 0.846
0.292 0.226
0.146 0.564
0.716 0.707
0.824 0.260
0.593 0.408
0.119 0.208
0.900 0.791
0.340 0.614
0.526 0.258
0.330 0.228
0.587 0.695
0.577 0.452
0.136 0.884
0.724 0.920
0.753 0.234
0.766 0.704
0.780 0.453
0.770 0.842
0.849 0.511
0.663 0.013
0.915 0.008
0.426 0.920
0.800 0.764
0.488 0.587
0.394 0.425
0.765 0.849
0.620 0.649
0.327 0.375
0.519 0.259
0.299 0.317
0.680 0.746
0.489 0.154
0.508 0.676
0.650 0.823
0.844 0.190
0.521 0.983
0.160 0.574
0.885 0.687
0.757 0.811
0.570 0.674
0.309 0.120
0.130 0.266
0.301 0.538
0.329 0.657
0.210 0.723
0.439 0.982
0.044 0.638
0.096 0.113
0.533 0.840
0.326 0.401
0.091 0.874
0.908 0.225
0.738 0.628
0.897 0.257
0.349 0.661
0.453 0.348
0.683 0.474
0.943 0.680
0.452 0.575
0.088 0.345
0.198 0.199
0.946 0.507
0.693 0.148
0.222 0.504
0.909 0.803
0.254 0.260
0.411 0.889
0.517 0.561
0.958 0.525
0.730 0.364
0.782 0.687
0.775 0.065
0.185 0.442
0.186 0.376
0.506 0.343
0.326 0.814
0.732 0.237
0.910 0.162
0.400 0.127
0.404 0.095
0.784 0.879
0.451 0.766
0.411 0.145
0.679 0.072
0.400 0.456
0.228 0.247
0.922 0.248
0.718 0.027
0.043 0.123
0.526 0.637
0.727 0.103
0.511 0.219
0.509 0.717
0.841 0.725
0.340 0.214
0.044 0.328
0.360 0.494
0.876 0.050
0.354 0.386
0.505 0.196
0.632 0.580
0.844 0.624
0.377 0.539
0.462 0.715
0.802 0.138
0.362 0.457
0.681 0.293
0.284 0.214
0.407 0.831
0.870 0.210
0.407 0.752
0.806 0.372
0.302 0.247
0.565 0.956
0.865 0.747
0.676 0.063
0.895 0.714
0.786 0.051
0.442 0.920
0.208 0.457
0.780 0.586
0.647 0.451
0.274 0.967
0.298 0.167
0.104 0.304
0.053 0.063
0.116 0.188
