49
70
86
105
71
66
56
93
93
69
65
98
77
69
68
62
89
89
79
108
121
66
74
122
67
104
93
133
59
67
67
74
59
88
60
69
98
67
63
96
61
92
90
78
57
113
80
90
84
151
98
57
61
78
81
119
71
59
63
137
59
54
75
83
85
128
75
72
133
59
94
76
52
62
77
125
95
80
63
71
105
65
85
144
71
74
109
95
158
77
66
108
136
73
72
73
60
93
90
106
88
101
72
64
77
119
99
86
90
99
103
84
118
69
88
53
48
121
60
54
82
60
70
155
66
68
59
68
101
116
79
93
87
111
156
138
59
72
64
92
92
142
75
85
91
84
50
56
82
73
112
115
107
95
59
92
122
109
174
68
59
133
57
106
69
98
129
80
60
123
78
107
100
89
62
78
130
121
76
80
94
137
76
85
93
91
80
111
140
86
92
74
61
131
82
104
65
85
123
101
158
65
64
123
114
73
69
71
100
61
73
58
110
93
155
101
105
85
66
115
79
62
74
101
77
99
90
125
117
104
120
72
77
70
95
71
91
70
76
68
84
56
86
69
86
126
87
68
68
86
84
65
116
61
94
82
71
89
118
114
91
75
71
92
55
143
142
67
66
75
99
73
63
62
103
65
58
67
66
151
79
53
96
54
63
55
65
60
114
117
75
71
77
80
60
116
124
86
110
54
66
78
72
60
76
66
129
60
104
99
106
60
83
65
97
76
116
77
120
112
125
70
102
95
72
85
100
99
61
94
92
83
71
102
67
75
101
104
77
72
66
70
128
65
84
87
90
80
91
69
94
60
132
134
106
83
123
140
147
59
122
101
63
78
111
65
57
72
165
62
110
119
121
96
121
84
62
78
58
140
83
74
66
94
130
49
101
64
121
95
68
69
92
59
80
92
91
79
83
91
56
83
76
61
53
87
67
64
95
100
113
77
70
73
82
75
99
123
89
179
70
90
103
78
111
130
85
72
71
67
81
74
86
95
55
72
77
73
72
115
96
91
61
55
87
55
122
55
109
135
107
64
74
105
65
79
69
115
134
123
99
108
119
152
110
63
93
98
88
92
88
85
133
60
127
87
62
123
119
79
138
90
83
131
74
85
89
68
89
84
125
136
119
69
93
95
71
106
173
75
125
61
86
64
113
73
100
89
114
80
85
91
137
64
71
99
95
66
133
95
65
96
79
124
71
78
147
100
62
81
100
77
120
79
77
93
120
94
102
150
87
57
125
102
72
73
72
54
79
58
96
68
122
62
76
60
109
77
158
70
86
64
73
124
97
55
65
60
61
128
73
64
157
57
88
96
124
71
123
105
87
110
91
140
74
80
66
78
91
99
90
127
74
63
60
72
123
115
60
68
93
56
108
97
122
83
56
67
104
81
77
74
67
141
99
131
92
96
90
74
114
85
104
70
84
104
93
87
190
63
69
86
76
81
166
94
74
72
135
57
65
71
75
78
62
85
85
119
98
137
136
112
98
80
71
89
66
87
120
132
57
154
111
85
101
60
74
71
138
71
82
112
95
53
105
63
70
96
73
88
93
81
69
61
75
103
60
134
79
83
112
96
88
80
54
68
70
128
103
74
70
82
51
109
76
71
197
66
77
65
77
77
85
117
95
117
116
67
89
72
84
60
129
72
73
118
73
71
48
112
121
90
121
72
105
124
115
72
62
60
108
68
93
56
135
85
53
65
69
104
85
73
59
67
73
103
97
82
135
83
66
147
64
75
67
146
66
66
61
131
95
76
93
101
111
70
75
70
61
57
67
94
100
70
99
104
55
52
53
66
67
66
69
77
70
54
94
79
90
61
70
96
58
74
54
74
65
67
63
58
97
98
74
82
57
152
63
69
70
66
64
77
71
62
78
122
103
89
84
62
66
105
154
69
71
95
57
62
88
124
87
95
77
92
83
55
90
77
69
96
67
100
75
83
144
98
66
76
77
91
104
77
132
100
118
74
93
69
155
69
91
71
77
76
118
108
62
85
85
172
57
98
67
88
160
93
92
110
57
96
77
83
65
78
92
61
110
103
88
73
115
80
69
57
66
84
91
77
103
94
81
92
139
54
129
124
91
64
90
65
97
75
63
52
58
107
57
108
53
94
64
86
75
61
55
73
54
118
67
118
120
152
85
65
51
64
65
68
98
68
87
82
78
98
75
103
85
95
103
149
60
128
68
103
133
105
75
66
91
69
73
58
93
69
72
101
80
73
78
63
104
70
137
125
69
80
68
120
98
104
63
161
114
98
67
70
86
64
60
71
