1.412
3.049
7.124
9.418
4.771
3.414
2.332
7.224
5.984
3.774
3.040
7.048
4.162
4.662
5.222
2.996
5.780
6.363
5.119
8.577
10.822
2.867
4.034
9.465
3.085
8.056
6.105
11.118
1.639
3.530
4.190
5.160
2.738
5.520
2.829
4.389
8.353
3.415
3.085
8.810
3.809
5.620
7.773
5.530
2.447
8.233
5.211
6.905
6.004
15.142
8.333
2.325
2.818
3.674
5.508
9.403
2.636
2.962
3.072
9.974
2.561
1.953
5.206
4.653
6.254
11.204
5.027
4.056
12.105
2.465
7.174
4.280
2.618
2.441
4.799
9.502
5.691
4.432
2.537
4.118
7.010
2.890
5.382
12.260
3.199
3.535
8.384
5.701
10.902
5.404
3.397
7.740
11.567
4.132
5.199
3.837
3.296
7.948
5.628
8.905
4.671
7.439
4.944
3.513
4.657
10.708
8.216
4.666
5.298
5.316
7.433
5.095
8.429
3.057
7.045
1.918
0.899
8.304
2.459
1.644
6.871
2.350
3.348
10.829
3.691
3.002
3.359
3.302
6.890
9.571
4.118
6.996
5.552
7.028
13.148
10.857
2.677
4.668
3.564
7.153
7.118
11.558
5.232
6.172
4.947
6.099
2.143
2.661
4.289
4.270
7.619
8.830
8.282
8.726
3.255
6.278
10.660
8.669
12.838
2.649
2.212
12.333
2.667
8.005
3.476
6.910
10.987
5.692
3.579
10.056
4.861
7.740
7.881
8.496
3.181
3.864
11.649
9.042
4.401
3.473
7.062
12.887
5.389
4.166
6.898
6.371
4.465
8.941
11.118
6.223
5.338
4.068
1.829
9.781
5.433
6.032
3.969
5.805
10.465
9.136
16.059
3.649
2.852
8.533
8.656
3.602
3.592
3.588
7.438
3.266
4.793
2.482
8.266
6.532
13.306
5.969
7.803
6.653
2.788
8.709
5.808
3.053
4.594
7.543
6.113
6.556
5.526
8.980
11.839
8.337
10.138
3.417
4.385
3.398
8.286
3.421
8.507
4.696
6.020
3.768
5.654
3.377
6.016
3.174
5.258
7.510
6.136
3.588
3.171
4.730
4.919
2.912
11.775
2.348
4.999
4.149
4.511
6.126
8.599
9.500
7.835
3.688
2.887
6.692
2.019
10.170
10.125
3.419
3.223
3.574
7.869
4.273
3.375
3.078
6.960
3.777
2.321
3.889
3.485
14.535
4.932
1.786
5.973
2.014
4.395
2.426
3.740
2.912
9.021
11.160
3.536
5.122
4.109
5.994
3.492
9.051
10.996
4.831
8.782
2.432
3.456
4.296
3.379
3.143
5.157
3.759
8.188
3.300
8.681
8.987
9.573
3.158
5.077
4.083
7.400
5.319
10.231
4.338
9.868
9.000
10.672
3.714
9.030
6.192
4.970
6.324
6.447
9.210
2.460
6.826
6.386
4.899
3.920
7.709
2.900
3.733
8.119
7.137
5.936
4.351
3.787
3.779
9.428
3.391
6.315
5.966
5.299
4.661
4.798
4.897
6.053
2.898
13.083
9.929
7.584
4.841
13.339
9.669
9.853
2.650
10.071
9.461
3.949
4.627
8.926
2.532
2.656
3.159
14.786
3.080
7.595
9.160
9.947
7.689
12.955
4.285
3.622
4.044
2.417
13.188
5.610
4.112
3.346
6.595
11.206
1.233
8.413
2.938
11.568
6.361
3.886
4.368
8.201
2.720
4.488
6.620
5.421
4.289
4.674
7.565
2.760
4.903
3.497
3.041
1.672
4.422
3.839
3.021
7.389
8.451
10.509
3.889
3.795
3.192
5.378
3.886
9.070
9.919
6.258
14.342
3.865
6.527
7.210
4.365
8.581
11.397
5.111
4.560
3.625
2.722
5.112
4.776
6.047
7.267
1.995
4.489
5.359
4.354
4.012
9.090
6.436
6.132
2.019
2.659
4.662
2.299
11.247
1.834
7.576
11.759
9.475
2.968
5.430
8.610
3.259
3.760
4.383
8.859
9.749
8.493
8.728
9.857
8.039
12.973
7.237
2.315
6.988
8.445
5.061
6.480
6.826
6.103
10.478
2.312
9.269
6.092
2.479
10.553
8.611
5.080
10.516
4.524
4.823
11.013
4.160
5.983
6.671
2.746
5.854
5.080
9.451
13.154
8.450
4.510
5.651
6.528
3.744
10.019
15.049
5.149
10.241
2.675
5.479
3.546
7.693
4.998
10.375
5.300
9.542
4.807
5.782
5.713
9.943
3.152
4.136
7.528
6.158
2.913
11.926
6.204
3.622
6.721
4.505
11.044
4.651
5.596
12.972
8.004
2.615
5.874
9.120
5.524
11.795
3.305
4.424
5.991
10.206
6.796
6.735
10.779
6.259
2.749
11.587
6.535
3.864
4.410
5.104
2.020
4.879
1.770
6.415
3.120
8.451
3.602
4.834
2.119
6.871
5.010
13.514
3.800
8.666
3.220
3.700
10.123
6.367
1.960
3.266
2.670
2.308
10.908
3.552
3.064
13.777
2.310
7.111
6.961
9.898
3.979
9.916
6.176
6.653
11.404
5.318
10.985
4.486
3.892
3.174
4.988
8.764
8.250
5.928
9.061
4.482
3.233
2.960
3.682
10.852
10.404
3.105
3.809
6.267
2.297
6.859
6.923
9.883
6.343
2.397
4.196
8.154
5.411
3.783
5.031
2.895
12.509
6.771
10.373
5.836
8.883
5.094
5.949
8.635
5.889
8.203
3.571
5.712
9.660
4.487
5.852
14.784
3.381
3.760
5.454
4.282
4.053
12.799
5.773
4.635
4.721
11.826
2.549
3.203
3.316
4.299
3.937
2.602
7.330
7.262
9.186
6.261
12.364
9.408
9.475
7.591
5.022
3.572
5.678
3.978
5.569
10.984
8.910
2.145
11.395
9.560
5.387
9.260
2.747
4.249
3.760
12.297
4.523
4.999
10.123
6.867
1.630
8.495
3.598
3.370
7.392
4.416
5.776
6.197
5.911
2.997
2.990
3.635
8.721
2.121
13.655
4.599
5.118
9.406
7.575
5.919
5.844
2.120
4.326
3.806
14.160
9.280
3.749
4.987
5.984
2.075
8.436
4.770
2.950
19.512
4.056
3.832
3.299
5.299
4.636
6.643
7.604
6.398
8.524
8.973
3.336
5.580
4.613
7.120
2.756
9.645
3.519
4.411
10.627
4.208
4.840
1.686
9.913
9.226
5.968
10.536
3.712
10.452
9.505
11.503
4.189
3.863
2.851
7.292
3.630
6.621
2.094
12.395
5.510
1.911
3.136
3.813
7.219
5.391
4.371
3.470
3.334
3.875
7.296
8.703
5.278
11.543
4.654
3.026
9.874
3.848
3.364
4.323
15.200
3.793
3.317
2.853
10.802
7.633
5.071
6.606
7.776
7.114
4.402
3.767
3.807
2.324
2.396
3.843
6.857
8.500
3.844
6.958
10.277
2.141
1.963
2.077
4.295
2.575
4.223
3.722
5.826
5.249
2.127
8.942
5.795
6.038
2.510
4.145
5.666
2.979
3.605
1.809
4.293
3.631
3.697
3.174
2.011
7.746
8.227
3.168
5.992
2.332
14.120
3.237
3.281
3.969
3.296
2.857
4.998
3.334
3.508
4.817
11.585
7.021
6.731
5.812
2.871
3.561
9.410
12.534
3.153
3.097
5.943
1.983
2.574
5.559
8.782
5.129
7.519
5.424
8.191
5.590
1.822
6.752
4.577
2.999
5.202
4.068
7.148
3.721
7.292
15.132
6.589
4.259
4.663
5.796
6.299
8.993
4.349
8.895
6.864
9.861
3.620
6.189
3.412
11.791
2.708
6.203
4.002
4.974
4.957
9.134
7.242
2.369
5.183
6.982
13.050
2.762
7.718
4.361
5.690
14.638
6.049
5.282
9.100
2.472
5.586
3.315
5.247
3.447
4.248
5.457
1.981
8.693
7.862
4.371
3.829
9.620
6.008
3.827
1.726
4.406
4.833
4.920
4.254
6.714
7.427
4.467
5.764
10.950
1.912
11.466
9.269
6.843
3.001
5.710
4.202
9.407
3.537
2.658
1.517
2.226
6.954
3.073
8.773
1.806
6.406
2.317
5.472
4.933
3.632
2.134
3.819
2.018
8.019
4.581
9.370
10.196
13.112
5.182
2.809
1.636
3.374
3.917
4.205
7.305
3.822
5.342
6.078
4.608
5.737
4.282
8.334
5.737
7.785
8.556
12.656
2.850
14.253
2.869
9.284
12.434
7.008
3.247
3.189
8.206
3.932
3.766
3.319
7.182
3.338
3.409
7.503
5.436
4.245
4.756
3.493
8.830
2.889
12.234
11.216
3.710
5.910
3.463
8.568
8.179
6.013
2.973
12.995
10.293
6.616
3.496
3.199
6.979
3.980
3.237
4.659
