12.498
3.674
4.766
1.341
3.275
11.298
5.147
3.926
2.802
3.837
10.426
9.354
3.324
2.343
7.138
6.015
3.376
14.619
7.070
2.382
7.153
5.571
5.059
3.297
8.891
5.953
10.673
5.684
6.948
1.931
4.585
3.402
7.502
9.109
7.799
5.861
5.239
5.158
11.886
6.463
2.174
3.133
6.772
6.595
4.010
2.524
3.837
4.442
4.014
4.684
11.349
6.548
3.139
5.144
4.290
4.684
4.075
6.257
4.498
5.514
7.647
10.227
8.811
6.182
4.350
4.807
3.051
7.740
7.575
4.333
6.431
7.002
7.366
6.458
4.611
6.076
6.835
16.330
6.307
4.808
6.646
13.230
6.620
2.181
4.092
7.325
4.942
6.639
4.812
5.512
6.515
6.350
7.712
12.294
9.707
5.400
8.450
3.476
6.004
4.752
9.347
4.167
7.223
9.511
3.044
3.387
2.350
4.261
7.626
6.123
18.861
13.948
3.531
3.271
6.212
4.736
8.227
9.340
6.063
13.483
8.390
3.691
1.652
9.482
8.163
7.400
6.181
3.714
13.645
7.238
4.570
3.129
6.224
1.876
8.459
2.395
4.771
10.201
2.010
9.708
7.224
5.315
2.468
4.094
5.311
6.265
5.473
4.369
6.794
11.973
5.319
13.389
9.302
6.331
9.631
1.598
4.999
5.594
3.698
6.198
3.276
2.618
6.021
10.381
3.281
4.669
8.306
5.744
3.282
5.967
3.128
3.451
2.336
5.645
7.094
9.350
6.490
2.525
3.687
4.867
3.464
2.871
8.941
8.628
10.497
7.180
3.526
4.113
7.038
9.510
2.197
4.156
4.532
4.607
3.836
2.163
7.511
13.293
12.516
4.452
5.423
4.373
9.004
4.671
5.157
9.274
7.300
11.574
3.878
6.719
4.525
10.024
5.754
4.256
3.800
8.565
5.028
9.475
5.979
6.132
3.488
5.298
7.772
5.829
9.133
4.473
2.854
8.851
3.578
3.224
3.392
11.332
2.779
2.719
1.999
5.452
8.065
3.523
5.776
8.572
1.714
4.206
6.502
4.199
3.085
5.715
10.028
2.215
6.257
3.286
13.403
7.543
5.476
1.375
5.927
3.377
7.842
6.605
14.511
5.579
12.284
4.884
3.684
3.130
2.821
4.694
3.141
3.556
4.424
3.039
5.253
11.454
9.617
5.921
6.740
12.401
8.142
8.984
5.669
4.909
10.727
10.873
3.421
2.969
3.080
6.257
5.689
8.303
2.628
6.628
6.190
10.568
6.650
5.697
4.286
9.676
2.489
4.002
7.628
2.377
3.636
2.888
2.674
20.193
2.622
5.612
3.327
11.813
6.288
5.516
6.723
5.252
5.281
7.366
7.020
3.756
10.085
15.076
1.722
3.747
4.924
6.969
4.846
3.152
6.859
2.452
2.535
3.069
6.042
4.156
5.501
3.332
3.522
5.251
2.431
2.448
7.218
3.449
2.377
4.963
7.977
3.310
7.656
7.853
7.055
8.239
15.373
6.976
6.953
8.182
7.749
2.580
3.806
11.264
6.780
5.368
3.146
2.043
5.257
7.719
10.175
7.769
8.164
7.574
11.502
4.466
9.354
3.993
2.142
4.154
3.981
3.074
4.696
9.655
13.714
6.771
7.148
3.496
6.581
8.202
6.791
8.835
5.600
12.125
8.368
3.412
3.760
3.794
7.634
5.189
8.152
4.645
3.760
12.381
3.665
3.119
3.339
12.530
9.124
6.438
11.158
5.539
6.701
4.576
4.847
7.311
11.691
5.026
6.276
5.554
11.050
7.025
5.784
1.516
8.126
2.871
6.296
2.752
2.526
4.095
3.133
3.800
8.273
14.918
1.950
4.852
9.331
2.810
4.504
3.492
3.444
7.451
4.067
4.499
4.999
5.831
10.251
10.436
5.833
3.300
6.327
9.360
9.483
3.665
5.865
2.225
9.138
3.187
3.496
8.526
8.328
5.053
9.571
4.800
3.018
3.015
3.574
1.608
3.335
10.635
6.131
9.074
3.803
5.630
5.123
6.465
2.130
4.874
5.908
5.283
12.314
7.197
4.416
10.265
4.671
5.013
8.430
5.142
8.535
8.558
10.527
5.590
5.796
1.752
3.964
5.521
3.515
3.470
4.329
7.576
3.206
3.138
5.595
4.298
10.964
3.432
3.394
4.610
3.224
1.624
7.485
2.562
7.464
5.261
4.493
7.096
1.850
11.237
3.947
1.886
5.137
4.763
3.876
1.746
4.983
4.226
4.442
5.915
8.038
12.233
2.084
2.435
4.103
3.602
8.269
3.243
2.314
5.257
2.949
3.192
3.892
13.675
5.281
5.678
3.945
3.966
4.302
3.070
2.438
4.023
8.438
3.327
3.011
3.271
5.215
4.079
9.609
3.528
4.442
5.158
12.365
7.588
4.968
3.728
5.083
7.986
3.281
2.406
1.815
4.161
5.757
4.667
4.635
5.550
4.856
7.945
3.593
5.429
4.859
5.846
8.469
5.898
9.816
2.461
10.645
2.278
2.743
4.737
9.494
8.096
9.473
4.036
1.914
4.368
6.388
9.853
2.608
9.304
2.502
2.876
2.898
4.008
9.446
3.803
7.721
4.656
3.983
3.499
9.781
7.580
2.882
5.694
7.758
1.792
8.634
2.668
9.229
12.339
3.371
5.553
8.813
2.395
2.493
7.751
4.283
8.708
9.865
4.378
10.047
7.846
9.096
4.165
5.426
12.894
2.755
9.489
3.241
12.613
4.465
5.907
5.162
1.675
7.536
13.855
8.138
5.367
9.830
2.915
6.121
7.552
4.221
4.603
6.005
3.412
6.439
7.788
8.707
9.765
2.977
12.163
6.122
3.137
8.256
5.679
4.224
6.116
4.591
5.432
5.150
6.224
3.351
5.270
4.424
4.516
7.476
5.804
6.584
7.728
8.181
4.173
6.694
4.248
3.284
5.880
3.446
5.916
7.585
5.119
5.388
3.855
3.114
6.305
5.559
10.894
15.654
6.106
3.978
7.165
5.455
4.242
6.575
3.484
2.568
8.441
2.988
4.479
3.432
5.734
5.045
2.595
2.464
10.541
3.943
3.705
2.064
5.832
12.983
6.467
10.729
7.887
3.937
4.926
3.555
2.512
15.339
4.756
4.541
2.261
4.811
5.229
1.938
3.244
4.411
2.233
4.602
9.458
2.313
5.650
4.006
4.177
17.565
11.150
8.764
2.784
6.588
1.822
3.809
9.734
2.992
8.575
2.910
3.306
9.843
5.683
5.059
11.386
7.022
7.289
6.573
8.901
3.536
6.091
3.068
8.529
2.785
3.508
8.143
9.514
2.252
5.036
11.338
5.703
7.371
8.805
3.041
3.956
4.044
5.271
8.484
4.393
8.857
3.885
5.922
9.073
7.358
2.472
10.203
9.715
3.348
3.095
3.916
3.460
5.685
7.251
8.242
10.490
4.805
4.017
5.541
12.267
6.577
3.470
3.804
2.773
3.758
3.953
8.820
5.058
3.380
5.155
4.380
10.823
7.840
11.064
3.370
7.499
6.014
5.559
1.916
7.605
8.112
3.889
7.813
6.350
4.996
10.788
3.889
5.314
5.508
6.380
5.346
5.776
9.658
3.574
5.720
11.329
5.185
4.273
6.967
2.937
5.961
1.403
6.249
15.611
6.435
1.903
7.240
6.099
1.785
4.291
5.857
5.865
5.527
6.022
1.788
6.258
5.755
5.907
4.093
11.042
4.020
3.652
2.240
6.298
7.448
3.568
2.456
4.789
3.363
1.900
5.761
5.715
13.500
8.404
5.104
9.231
5.709
5.744
9.147
2.468
3.132
8.252
13.435
2.790
10.214
5.300
3.868
6.685
8.972
3.478
4.595
3.963
3.502
6.865
5.277
3.639
4.720
7.503
7.590
2.587
10.697
3.107
8.242
4.104
4.901
2.281
8.523
5.591
8.680
4.793
4.122
6.549
6.332
3.577
7.872
7.834
6.262
7.736
2.052
9.183
5.359
2.349
2.056
8.741
6.534
1.624
4.409
8.231
4.151
3.934
10.948
5.498
1.356
3.164
5.148
4.014
5.341
9.318
2.145
6.119
2.860
14.349
4.496
3.535
4.297
3.558
11.142
2.968
7.737
6.422
9.746
6.048
4.118
7.865
2.815
3.882
4.104
5.891
6.712
7.780
2.963
5.997
4.124
2.992
5.657
4.457
8.030
2.904
4.562
5.048
8.828
2.331
2.201
2.261
1.509
4.676
7.115
5.770
4.319
5.590
3.242
5.742
3.945
6.262
2.729
12.411
4.429
3.402
5.510
8.684
3.048
3.975
4.205
1.719
13.981
5.032
9.640
13.552
12.338
2.975
5.928
3.278
3.711
5.279
3.146
6.937
3.796
6.975
7.294
2.702
4.043
3.065
3.090
3.640
6.413
7.360
2.295
2.403
7.448
6.970
2.147
3.778
9.530
3.643
3.129
2.511
6.528
4.760
5.311
8.632
5.308
4.974
9.231
4.955
4.649
2.713
7.960
3.570
12.246
3.796
6.941
6.304
3.396
7.554
2.394
16.415
3.896
3.217
7.058
4.371
8.660
3.734
8.460
12.572
3.070
3.987
6.813
4.406
7.582
12.145
4.147
6.466
3.617
10.179
4.272
5.605
4.346
3.067
7.869
3.216
4.528
5.962
4.979
4.846
3.685
12.446
10.614
9.049
5.595
6.725
2.775
8.469
7.907
2.465
5.349
4.006
3.900
4.913
6.728
3.793
8.401
2.506
2.391
5.103
5.315
4.842
6.234
10.552
1.781
7.138
6.669
12.238
8.691
9.961
7.637
3.551
8.630
7.171
6.681
4.388
2.827
2.881
3.271
3.488
4.079
5.822
2.386
10.104
3.991
7.948
16.403
3.143
4.603
6.797
4.285
4.644
7.976
9.506
5.784
3.865
3.990
3.602
1.870
12.101
3.927
9.560
3.277
4.350
2.142
6.778
8.386
3.836
3.366
3.797
2.396
7.744
3.197
5.370
4.530
2.987
3.962
4.413
4.296
9.548
5.216
3.532
7.624
7.653
5.080
3.108
4.604
9.960
7.146
4.553
7.817
4.265
4.265
4.595
8.942
6.123
3.415
5.269
3.099
2.505
2.196
6.456
6.080
3.562
4.421
7.728
10.368
8.525
10.997
4.089
8.563
3.973
2.652
2.275
2.927
7.271
10.014
5.967
5.382
2.145
10.073
5.840
9.751
5.935
9.653
4.560
4.500
4.924
3.900
11.522
5.589
7.055
3.614
5.274
4.296
3.542
9.939
8.360
4.704
3.716
3.294
2.798
8.046
7.224
6.324
8.211
3.713
3.917
8.559
6.520
1.538
9.715
6.190
4.278
7.409
10.967
1.987
6.133
6.982
11.984
4.361
11.653
5.005
2.341
5.547
6.640
4.062
10.618
4.887
3.157
6.375
10.330
4.543
5.978
3.578
11.375
4.257
4.104
2.714
9.873
4.007
1.777
12.368
7.487
4.386
3.442
5.146
8.003
3.634
2.291
5.964
1.827
6.401
2.241
1.547
1.917
2.564
4.124
4.312
9.270
3.080
2.741
3.577
4.333
6.982
3.739
2.209
4.973
5.231
6.993
7.263
7.930
10.104
4.524
3.215
7.334
4.618
5.655
3.901
14.552
3.621
3.936
4.082
11.908
6.141
5.929
4.075
2.918
5.013
4.445
2.161
2.663
4.058
7.447
6.298
5.940
6.913
4.329
4.487
5.014
5.709
10.465
4.058
4.775
6.712
7.960
11.088
5.797
12.753
1.756
3.939
8.381
4.381
4.118
9.106
12.478
1.653
3.113
7.608
6.976
7.194
10.297
3.492
4.872
4.162
4.330
3.774
14.993
6.148
8.610
4.150
4.092
2.386
3.369
8.445
4.412
1.771
3.733
6.891
14.104
2.904
1.776
11.382
2.749
3.518
8.885
7.917
4.259
2.359
5.594
5.165
7.800
3.768
4.101
3.948
4.531
3.054
5.626
5.639
11.666
5.961
6.913
8.057
9.120
5.428
7.250
3.528
7.609
4.898
6.547
9.130
5.675
13.121
6.747
14.462
13.111
3.177
7.320
1.270
8.175
4.851
6.132
4.206
7.132
5.374
5.504
8.731
5.942
6.503
7.078
15.399
2.651
2.827
2.884
6.507
3.742
3.626
8.597
2.743
6.027
5.640
2.949
3.889
10.282
5.629
6.104
2.754
9.364
4.408
3.489
6.346
2.904
7.166
4.668
3.350
3.961
6.926
3.834
6.143
3.164
2.177
5.720
8.485
6.486
2.474
3.660
3.243
6.162
2.500
5.047
6.139
2.574
6.415
3.042
9.219
10.739
8.548
1.850
8.357
5.783
10.702
6.125
2.053
3.225
3.933
5.314
5.440
12.264
4.292
11.975
3.706
10.989
4.641
3.044
4.841
2.709
6.903
7.326
4.773
6.023
11.115
4.630
3.213
3.970
4.115
3.136
5.264
8.807
5.219
7.270
9.431
7.129
4.519
9.459
9.797
3.478
10.181
6.866
3.363
2.941
4.681
4.868
7.245
7.194
3.969
2.070
5.844
8.517
2.481
7.114
2.996
9.329
8.169
6.718
7.131
5.579
4.275
2.958
5.001
5.649
3.423
3.378
8.367
5.223
3.843
5.459
4.684
4.522
3.043
5.896
10.096
3.559
7.160
7.336
5.503
11.750
7.302
2.701
3.892
3.447
1.663
3.903
4.938
9.516
7.883
1.842
3.060
9.053
6.657
7.748
8.435
6.206
5.700
7.443
5.161
3.980
3.505
6.827
19.747
1.340
5.533
2.480
4.391
7.195
3.982
5.293
4.898
3.591
12.202
6.201
6.277
3.866
6.647
5.687
5.423
8.806
2.281
4.284
4.442
11.003
3.203
2.221
3.632
6.409
13.251
5.843
9.227
7.811
9.153
1.715
3.030
4.388
8.760
2.045
6.292
2.481
4.718
11.563
2.419
3.800
3.030
5.577
6.831
10.680
3.370
3.100
1.741
6.354
2.741
7.123
10.326
4.632
2.946
3.488
5.592
2.608
5.661
4.279
6.094
4.249
7.087
10.681
5.910
7.112
5.149
6.006
9.113
7.922
3.103
2.724
10.358
4.812
3.131
4.264
9.634
7.895
11.534
4.739
2.353
2.386
4.522
18.342
4.713
1.950
1.869
3.148
6.378
6.712
7.009
5.214
12.280
8.492
3.843
2.696
5.238
5.769
2.777
4.179
5.780
8.981
8.182
7.050
3.180
5.828
6.320
14.422
3.459
4.267
5.815
2.623
9.009
2.731
3.433
4.477
4.354
2.744
3.396
8.763
5.313
7.617
5.137
2.859
9.778
3.055
2.145
4.133
4.126
3.008
4.664
6.027
5.283
9.438
2.472
7.586
2.941
10.014
3.046
3.685
5.410
12.131
7.070
2.681
3.158
11.652
3.981
3.477
10.096
4.634
5.495
5.210
17.263
3.239
5.205
10.819
7.580
5.751
8.301
10.076
5.246
8.926
4.847
10.856
5.364
8.148
2.799
7.793
8.644
3.448
9.034
7.412
2.451
7.380
3.818
4.978
3.263
5.503
8.485
6.321
3.234
7.838
2.158
7.144
3.433
14.519
7.716
6.950
2.476
6.959
5.395
3.454
5.282
3.883
6.388
4.899
5.548
7.257
7.692
4.269
5.370
6.017
4.373
11.374
9.301
3.360
9.168
7.814
2.974
3.390
4.786
5.354
9.201
2.869
4.241
3.374
10.606
3.107
5.040
8.177
3.848
4.835
7.412
9.101
3.062
5.016
3.107
5.608
5.550
2.596
6.689
3.176
6.582
7.189
3.180
4.100
3.963
7.459
5.667
3.544
2.295
3.459
8.596
3.840
7.469
4.749
6.172
5.338
5.050
3.768
7.461
3.233
7.261
5.050
3.386
11.696
4.784
3.050
4.790
4.171
8.801
3.216
3.815
3.652
4.790
5.533
12.275
4.728
4.653
3.427
5.257
6.652
1.829
5.508
2.281
8.510
4.973
3.324
4.410
8.693
3.206
3.582
4.468
9.137
2.656
3.678
6.119
5.595
2.877
11.471
2.939
12.026
8.791
4.401
4.617
4.074
6.564
2.778
4.359
5.382
5.032
9.965
12.987
7.286
4.953
3.467
3.575
3.481
5.640
3.117
3.582
7.968
2.577
10.504
9.962
3.776
6.885
3.628
4.286
7.261
2.804
2.941
4.963
2.103
9.707
5.735
2.473
5.124
4.100
4.252
6.649
5.162
7.142
8.143
10.530
3.976
4.184
8.062
4.839
11.253
4.039
4.583
6.862
7.100
5.608
5.670
4.924
11.526
14.931
8.511
5.471
6.426
7.957
13.390
4.777
7.054
5.723
7.883
3.752
13.521
5.866
2.988
2.719
6.973
5.784
3.733
2.329
3.339
5.293
6.995
4.611
2.507
8.453
2.048
9.638
3.037
13.573
6.802
4.991
4.520
4.410
7.904
4.767
1.929
8.485
7.145
9.701
8.135
3.238
8.402
8.128
6.197
9.941
2.544
4.394
2.196
12.618
11.071
4.396
6.506
10.552
3.442
5.428
4.855
6.750
3.054
8.826
2.712
16.227
1.943
5.950
6.095
7.052
7.379
5.136
17.543
3.441
9.481
7.393
8.089
8.600
4.811
3.492
8.006
5.898
5.395
5.152
2.740
3.039
2.032
3.143
10.559
11.492
7.055
7.481
2.890
2.514
3.910
8.405
4.502
5.775
2.398
7.934
8.135
4.819
4.077
5.820
8.744
7.127
6.583
14.548
6.400
4.720
4.941
2.044
7.086
1.042
2.526
6.181
10.852
12.512
5.491
2.802
5.695
3.450
5.088
3.636
3.272
7.091
10.298
4.979
6.769
3.668
6.669
2.901
9.901
3.991
4.600
7.582
8.812
9.467
6.283
3.436
9.954
6.919
8.250
1.491
4.870
3.135
3.132
8.597
8.092
4.281
3.808
4.277
3.026
9.307
11.293
2.509
5.797
10.155
3.893
8.481
8.774
6.027
10.256
2.545
5.243
3.063
7.654
5.972
5.014
5.487
2.484
4.238
11.389
2.557
3.097
10.572
2.484
3.796
6.129
8.374
8.551
8.308
3.810
3.405
3.748
3.920
5.536
2.754
9.696
3.423
9.653
2.622
10.324
10.099
2.720
8.186
3.015
2.869
12.340
5.450
4.085
2.114
5.999
5.537
10.420
9.162
6.210
3.266
11.763
5.323
12.444
4.453
3.078
7.789
9.610
7.145
3.320
4.483
3.654
3.878
8.068
6.579
7.478
15.080
9.505
4.904
3.165
4.241
9.873
3.365
13.906
3.331
5.801
3.846
7.113
12.587
3.810
6.073
2.592
5.877
4.396
7.225
3.204
3.544
8.555
3.152
4.098
3.435
6.074
6.853
5.158
4.797
8.958
5.581
4.841
5.847
7.635
3.657
8.351
2.756
7.636
4.640
12.765
6.408
8.550
2.847
8.290
2.176
10.801
7.978
4.221
2.448
2.747
11.581
2.462
2.780
8.505
8.687
10.109
7.450
3.817
7.705
5.005
8.220
3.537
1.801
6.769
7.961
4.905
3.172
4.191
2.668
10.252
7.041
5.877
5.313
11.997
10.188
3.958
4.089
4.011
10.671
10.288
4.034
3.771
4.259
8.177
5.522
3.543
8.716
6.378
4.834
3.570
2.318
2.323
8.097
2.721
4.893
4.531
5.178
4.563
1.435
8.902
4.714
7.800
2.562
5.528
4.450
2.719
2.987
4.615
6.264
4.011
7.775
8.132
4.455
3.847
3.907
10.118
8.680
5.395
4.752
8.409
5.576
2.356
8.789
5.794
13.764
10.413
9.343
11.645
1.954
3.404
9.905
7.477
2.464
6.478
6.141
10.948
5.186
4.699
3.252
5.237
10.226
4.300
3.330
10.037
8.413
2.741
3.784
7.121
1.239
4.676
7.411
5.125
3.110
2.324
6.626
4.240
3.788
3.153
4.330
6.673
7.099
2.545
7.173
3.969
10.265
3.336
4.783
3.094
6.659
8.089
2.555
2.918
2.938
8.031
4.111
7.912
11.249
8.720
3.877
6.686
5.406
4.622
2.248
7.083
3.856
2.382
2.304
4.184
4.635
4.687
2.028
3.875
7.246
4.829
10.764
3.931
3.427
5.535
4.203
3.576
3.871
5.383
11.780
3.006
7.180
15.226
9.017
3.343
7.044
6.163
3.661
2.661
1.824
2.765
4.783
2.456
10.849
7.873
4.470
2.176
2.072
3.022
4.725
3.203
6.730
10.684
4.461
1.693
8.499
7.110
4.221
5.264
8.810
2.867
7.213
3.793
3.878
6.036
9.155
5.482
2.385
9.962
8.095
6.563
3.576
4.459
5.173
9.902
2.820
6.411
4.796
12.454
9.533
7.277
4.334
3.069
3.791
8.692
9.897
4.791
6.010
6.467
6.660
10.969
16.056
8.360
7.596
3.278
2.730
9.126
2.343
5.099
2.835
7.564
2.587
7.874
7.767
5.722
2.356
7.792
3.675
1.799
9.238
7.049
9.232
3.266
4.375
2.023
4.615
1.506
4.233
3.992
7.089
6.801
3.578
11.068
6.796
7.765
4.449
3.184
7.711
6.903
6.897
7.930
6.369
9.828
3.919
2.741
2.277
6.805
7.044
13.654
3.810
6.550
9.352
6.013
4.323
6.042
14.992
4.105
3.380
3.034
4.625
9.475
6.006
2.875
3.860
3.617
4.537
7.106
5.974
8.836
7.276
5.074
5.328
6.458
7.087
8.642
7.245
4.397
9.263
3.609
4.853
10.322
6.976
6.102
4.072
3.972
5.962
3.482
1.968
8.782
2.820
4.436
7.845
4.010
5.876
4.587
3.576
8.391
5.449
12.082
12.271
11.471
6.678
10.454
7.943
2.315
4.117
7.274
6.159
13.440
6.255
7.156
5.572
3.086
8.858
4.735
4.526
6.311
6.416
3.990
6.011
4.762
10.866
1.731
15.757
6.395
13.410
12.625
2.759
2.935
1.744
15.013
10.551
12.148
3.878
10.559
6.418
4.515
2.108
3.603
4.877
4.128
1.311
9.045
4.227
3.011
4.121
5.747
7.010
3.370
4.974
1.617
6.942
8.006
9.510
2.372
2.915
9.443
11.343
4.553
6.138
5.807
5.400
2.156
7.323
12.514
10.059
6.603
2.462
2.512
3.786
6.724
5.896
7.276
8.304
17.854
6.391
2.511
3.746
4.344
3.983
4.112
11.309
5.018
7.306
7.497
6.394
5.099
2.137
4.432
4.290
8.317
6.723
3.604
8.121
10.075
7.249
6.052
1.920
5.215
6.865
7.290
4.227
4.630
6.920
3.113
3.795
2.985
3.903
1.839
14.400
3.827
4.209
1.798
6.549
4.287
6.449
12.816
16.356
8.332
10.017
10.560
8.754
5.382
8.050
4.178
6.112
4.326
4.884
10.313
3.202
9.031
6.822
6.489
8.315
6.576
4.621
4.091
3.585
4.908
4.310
3.613
3.981
5.764
2.537
8.832
1.740
8.687
4.668
2.925
11.286
3.910
9.067
6.274
2.285
5.344
2.658
9.789
3.217
10.082
4.768
6.492
4.553
12.499
1.958
2.766
5.475
4.426
5.231
4.089
7.066
3.327
5.101
10.146
12.928
12.548
1.666
3.367
8.608
7.067
6.026
3.976
4.448
4.980
2.934
7.235
6.401
5.002
15.643
6.189
7.842
3.163
4.153
7.689
15.780
5.108
4.619
4.812
2.580
6.931
3.341
5.121
4.494
7.108
3.016
6.275
3.356
3.802
3.661
4.178
2.610
10.264
2.208
5.576
5.573
6.210
4.665
2.227
3.538
2.917
5.887
6.282
5.576
8.110
6.810
8.891
2.848
2.700
5.812
9.040
5.447
5.576
5.810
3.967
8.269
4.899
3.337
3.167
2.881
4.506
4.892
6.480
9.404
9.258
4.784
14.607
7.117
9.062
6.809
3.559
4.905
10.748
6.663
6.438
4.181
2.975
2.465
6.939
11.207
3.714
3.127
2.532
9.825
8.019
8.685
1.584
10.587
5.113
9.566
3.431
3.579
4.913
10.235
1.343
6.590
4.613
7.612
8.491
2.985
7.276
5.713
5.269
3.606
6.379
8.736
9.918
4.755
8.766
3.790
3.771
7.832
3.860
4.917
4.974
4.395
4.090
10.099
8.513
12.795
8.231
2.633
3.991
4.547
7.227
4.445
11.222
3.855
6.764
7.523
4.848
10.030
16.585
6.890
7.606
5.509
6.530
3.607
12.006
10.376
10.674
9.562
5.904
8.037
3.903
7.900
3.023
1.998
4.812
4.324
3.666
5.008
8.544
12.736
6.959
5.072
5.467
2.524
13.677
4.400
10.581
2.176
4.618
3.098
6.276
7.680
2.226
9.330
6.732
4.813
5.429
7.921
2.305
1.233
5.182
5.580
2.724
6.148
5.863
2.789
5.947
7.685
8.203
1.578
12.852
2.641
5.983
12.628
5.017
6.280
5.462
10.047
6.673
3.467
6.712
4.642
2.550
5.658
6.896
4.742
4.372
6.174
2.458
4.634
4.898
11.388
3.913
3.950
3.329
4.949
3.055
2.543
10.742
11.351
6.844
6.985
9.456
2.875
5.924
13.240
4.690
11.107
4.782
8.843
4.588
9.949
7.992
3.664
2.863
9.264
6.820
7.300
6.424
2.750
11.261
4.644
1.938
2.312
7.506
11.807
6.173
1.999
3.502
6.989
8.469
4.484
4.072
4.542
3.853
4.158
6.012
7.100
1.627
3.318
3.527
12.080
7.905
11.631
2.998
3.894
5.976
6.846
7.230
3.099
4.497
8.322
6.505
8.452
5.874
15.462
10.956
5.361
3.798
7.402
6.785
5.953
5.593
3.383
7.112
3.717
10.647
11.171
3.153
10.571
5.700
9.433
4.795
4.240
2.914
7.881
14.352
11.428
7.318
4.771
4.312
4.365
6.093
4.405
8.963
11.743
3.940
3.737
8.600
8.145
6.730
3.449
6.079
2.238
11.030
6.816
6.224
9.364
8.091
3.434
8.118
4.635
3.566
3.388
8.778
4.102
5.808
5.711
7.986
7.471
4.613
8.745
16.433
3.025
10.991
6.023
2.950
4.285
2.591
2.925
1.933
8.075
4.844
5.352
9.358
11.341
8.213
5.510
5.310
2.428
7.968
5.828
2.780
3.872
5.358
5.011
6.416
6.000
4.378
2.059
7.845
2.390
5.714
3.194
6.958
6.947
7.257
4.396
7.296
10.645
4.853
2.531
5.015
2.526
9.471
3.373
6.331
14.379
3.616
9.818
4.951
4.756
5.094
3.805
3.599
6.369
3.679
8.436
8.501
7.785
5.085
6.255
8.174
8.013
10.496
2.940
5.276
5.992
7.280
7.891
8.694
5.536
3.330
6.012
7.190
1.890
11.690
5.310
6.587
10.434
5.074
8.971
9.006
13.289
4.576
6.158
3.276
5.699
6.579
10.133
5.781
8.291
6.762
6.957
2.300
9.228
3.060
4.120
3.161
6.203
2.411
3.364
2.441
3.761
3.354
3.254
7.994
4.033
9.662
3.876
10.265
6.080
8.473
3.489
15.486
4.394
7.742
3.669
2.475
5.312
6.965
5.730
9.475
3.668
6.227
4.808
6.431
2.596
3.394
5.636
5.423
5.390
13.364
4.135
8.519
4.738
4.740
10.117
2.115
4.347
3.797
5.487
5.614
4.035
4.888
3.800
5.103
4.864
7.607
6.284
3.886
5.080
4.685
4.842
8.952
8.568
8.464
11.328
4.747
5.970
7.757
10.311
6.916
2.562
11.857
6.962
14.810
6.170
8.289
4.917
5.346
7.710
5.019
3.442
7.532
1.750
6.322
11.918
4.448
4.987
3.420
6.819
3.227
13.997
10.472
4.378
12.996
3.060
3.013
2.666
10.250
5.642
2.850
4.124
3.585
6.101
2.906
5.447
9.833
5.446
9.712
3.665
6.046
4.244
4.067
8.627
2.310
2.168
6.867
4.118
4.984
5.552
10.537
14.244
5.066
1.793
3.069
4.346
7.791
3.394
11.354
9.461
5.554
9.920
2.240
2.778
3.753
4.807
3.030
9.809
2.866
5.473
4.264
14.003
2.860
9.804
5.117
1.718
3.515
10.473
7.057
6.028
6.302
4.453
6.583
3.723
2.712
10.096
2.181
2.444
11.732
8.942
7.618
10.751
4.113
9.711
1.771
5.412
5.438
3.354
6.306
7.112
4.527
3.666
6.702
7.530
10.492
9.046
2.449
2.262
5.186
8.247
2.117
5.618
6.471
7.788
4.297
5.544
6.413
6.482
5.503
7.276
7.984
8.822
5.871
5.030
2.611
4.860
4.959
3.133
7.445
10.830
2.726
19.517
3.012
3.180
7.455
8.040
3.567
5.514
6.861
4.022
4.117
8.709
4.256
8.564
9.085
2.894
2.792
5.689
13.072
3.956
5.838
7.592
6.145
6.800
4.399
4.280
5.379
3.608
5.005
7.992
7.325
3.719
4.146
4.326
6.193
14.384
4.566
6.493
9.778
7.337
4.780
5.228
8.866
3.514
4.103
4.121
6.420
6.821
10.630
3.884
6.773
7.323
5.266
3.567
4.810
8.391
1.860
12.347
3.804
5.469
5.243
2.907
7.295
6.125
8.172
7.933
4.961
6.582
6.140
10.280
8.674
8.939
8.805
3.893
6.863
3.879
13.285
3.441
15.041
8.811
3.362
10.938
10.490
7.389
7.658
2.773
10.396
9.876
7.007
9.715
2.725
4.426
11.486
3.249
2.854
3.331
2.860
2.503
3.829
8.644
3.270
6.694
4.223
3.948
5.671
2.571
5.330
2.529
7.835
3.902
12.671
5.786
7.868
4.864
4.062
4.823
2.754
6.328
7.657
2.948
12.001
13.350
5.082
3.389
3.632
6.176
4.245
2.535
1.947
3.152
9.855
3.371
3.205
5.447
3.306
5.199
4.651
5.346
5.788
5.059
6.112
6.145
6.625
5.809
5.259
7.680
6.249
5.916
9.033
7.540
5.625
3.134
12.957
6.171
2.491
5.933
5.114
11.955
3.734
4.968
5.686
8.093
1.951
3.406
4.635
7.466
4.224
3.439
5.155
6.970
5.637
5.419
6.521
3.443
6.370
2.036
4.296
8.643
4.962
6.325
7.494
3.214
3.846
5.232
3.125
8.835
6.918
5.558
3.905
3.067
4.665
1.527
2.091
5.964
3.959
3.045
9.318
4.622
2.331
4.047
4.585
3.046
4.251
9.645
11.109
10.750
3.892
3.900
4.559
8.777
6.425
3.459
2.028
1.788
3.896
3.688
3.574
9.131
2.174
4.446
5.627
7.283
8.997
4.849
4.871
5.611
12.598
7.967
7.490
7.789
7.458
2.310
4.476
4.527
2.811
8.004
3.111
3.053
8.757
8.605
4.129
4.444
4.975
3.275
3.461
2.807
3.230
3.521
5.208
7.401
6.419
4.838
3.707
7.701
1.857
3.966
6.895
10.046
14.176
4.799
3.628
6.656
2.404
8.460
3.178
3.356
5.904
3.313
3.849
10.798
8.317
2.120
4.234
3.121
6.333
4.632
9.953
8.630
2.942
3.678
3.921
3.246
3.330
16.118
3.865
4.309
14.714
8.504
9.420
8.057
2.767
4.636
9.412
4.005
9.805
9.179
8.599
2.937
6.246
3.219
5.577
6.762
3.153
7.097
12.270
9.331
4.001
3.028
4.197
9.033
7.026
4.750
7.759
5.262
4.642
7.581
6.171
8.385
5.724
5.938
3.246
18.862
8.864
2.640
7.671
6.464
8.321
7.014
4.400
13.316
12.179
3.518
11.749
5.185
2.656
3.926
3.907
5.567
12.543
6.879
3.566
7.117
1.910
4.411
8.661
4.527
6.010
7.286
3.980
3.897
9.557
14.827
3.296
3.196
8.502
7.071
6.853
2.981
11.890
1.870
3.104
4.024
5.462
3.394
10.951
5.890
9.260
4.058
7.174
7.014
3.623
11.793
2.607
3.634
8.014
9.069
5.779
2.503
3.768
2.252
3.898
9.007
2.340
3.898
4.533
6.922
7.475
8.419
9.906
2.864
6.229
1.979
7.081
1.911
6.856
7.230
8.969
3.982
7.611
4.843
2.252
5.850
9.374
7.491
2.614
2.554
9.392
3.132
10.391
12.587
10.330
4.113
3.992
6.233
2.751
5.367
3.234
7.549
7.978
5.864
7.240
5.679
3.676
10.723
3.866
2.377
4.654
13.445
4.459
6.642
6.376
5.592
12.969
4.199
4.948
2.421
4.739
9.537
11.563
6.273
2.948
8.145
7.329
9.154
1.860
15.278
5.544
9.019
7.290
10.632
8.958
14.606
8.010
3.390
5.391
7.762
3.538
4.882
9.530
5.732
3.555
3.339
6.050
3.653
10.688
5.800
2.222
3.331
5.143
3.004
6.920
10.795
9.842
4.350
4.379
3.977
7.702
6.470
7.448
5.342
5.148
5.636
10.926
1.510
8.249
3.016
3.645
10.302
2.713
5.497
4.973
6.491
5.403
8.514
10.485
3.698
4.030
8.374
6.720
2.022
4.202
2.443
3.626
2.872
1.778
4.257
4.469
5.240
4.059
2.044
5.285
0.966
12.444
6.571
4.935
4.297
6.340
4.144
2.423
9.710
10.315
5.223
7.016
4.687
7.186
5.167
4.030
6.787
8.288
3.873
4.440
7.852
3.290
11.654
12.081
3.861
6.137
1.682
5.067
8.679
5.221
6.647
5.612
2.805
3.264
10.854
4.389
9.781
8.758
3.442
3.857
6.336
16.374
6.033
4.008
1.049
1.784
4.947
2.563
9.256
2.865
5.372
2.395
2.656
12.807
15.398
4.477
3.741
10.882
2.630
5.336
5.843
5.442
4.040
7.124
4.859
11.870
2.736
6.990
12.081
7.549
3.871
5.852
6.033
2.576
9.591
7.513
3.648
4.181
5.594
11.310
4.590
3.921
7.746
4.792
10.353
2.557
6.848
3.266
6.114
10.955
10.595
7.209
6.347
11.348
2.839
7.089
3.749
4.323
6.013
12.385
4.613
4.997
12.275
6.490
7.617
8.122
8.551
4.109
2.955
5.883
4.272
5.782
3.879
10.251
10.151
4.954
3.662
7.291
1.617
4.749
12.275
9.977
1.690
1.608
9.479
9.161
6.652
5.266
3.440
3.956
5.355
11.034
7.265
5.912
3.355
7.213
5.203
4.368
6.257
3.893
6.316
11.723
11.046
5.662
6.146
6.646
6.276
3.614
5.345
12.442
3.299
1.873
1.413
10.769
5.034
7.038
6.018
4.732
3.656
1.990
2.072
3.888
3.943
6.210
4.822
3.571
4.214
3.364
4.642
4.082
8.314
6.717
4.199
3.564
4.227
5.053
5.311
12.700
12.474
3.401
8.892
2.793
6.853
2.991
3.117
4.005
5.830
10.306
4.293
8.411
7.073
19.799
5.405
8.026
2.659
5.321
7.131
7.328
4.766
1.810
7.176
6.997
4.960
4.921
2.831
7.984
5.415
4.198
4.956
4.782
4.334
3.278
5.619
9.267
8.894
7.269
2.559
4.510
5.051
8.705
8.633
10.965
3.401
5.165
